10000 45086.939387583894 55445.97671979866 1.4788024328859061e+35
20000.0 43483.69154482263 55606.2715424257 1.4877909276126557e+35
30000.0 41880.44370206136 55766.566365052735 1.4967794223394055e+35
40000.0 41186.92651398574 55764.986674101056 1.490500370096225e+35
50000.0 41001.3670843235 55673.02263187113 1.4756965210954848e+35
60000.0 40815.807654661265 55581.0585896412 1.4608926720947446e+35
70000.0 40630.24822499903 55489.094547411274 1.4460888230940043e+35
80000.0 40444.688795336784 55397.13050518135 1.4312849740932642e+35
90000.0 40259.12936567455 55305.16646295142 1.4164811250925241e+35
100000.0 40073.56993601231 55213.20242072149 1.4016772760917838e+35
110000.0 39888.010506350074 55121.238378491566 1.3868734270910437e+35
120000.0 39702.45107668783 55029.27433626164 1.3720695780903034e+35
130000.0 39516.89164702559 54937.31029403171 1.3572657290895633e+35
140000.0 39331.33221736336 54845.346251801784 1.3424618800888231e+35
150000.0 39145.77278770112 54753.38220957186 1.3276580310880828e+35
160000.0 38960.213358038876 54661.41816734193 1.3128541820873427e+35
170000.0 38774.65392837664 54569.454125112 1.2980503330866024e+35
180000.0 38589.0944987144 54477.490082882076 1.2832464840858623e+35
190000.0 38403.53506905217 54385.52604065215 1.268442635085122e+35
200000.0 38217.97563938992 54293.56199842222 1.2536387860843819e+35
210000.0 38032.416209727686 54201.597956192294 1.2388349370836418e+35
220000.0 37846.85678006545 54109.63391396237 1.2240310880829015e+35
230000.0 37661.29735040321 54017.66987173244 1.2092272390821613e+35
240000.0 37475.73792074097 53925.70582950251 1.1944233900814212e+35
250000.0 37290.17849107873 53833.741787272585 1.179619541080681e+35
260000.0 37104.619061416495 53741.77774504266 1.1648156920799408e+35
270000.0 36919.05963175426 53649.81370281273 1.1500118430792007e+35
280000.0 36733.500202092015 53557.849660582804 1.1352079940784604e+35
290000.0 36547.94077242978 53465.88561835288 1.12040414507772e+35
300000.0 36362.38134276754 53373.92157612295 1.1056002960769801e+35
310000.0 36176.821913105305 53281.95753389302 1.0907964470762398e+35
320000.0 35991.26248344306 53189.993491663095 1.0759925980754995e+35
330000.0 35805.703053780824 53098.02944943317 1.0611887490747596e+35
340000.0 35620.14362411859 53006.06540720324 1.0463849000740193e+35
350000.0 35434.58419445635 52914.101364973314 1.031581051073279e+35
360000.0 35249.02476479411 52822.13732274339 1.0167772020725389e+35
370000.0 35063.46533513187 52730.17328051346 1.0019733530717988e+35
380000.0 34877.90590546963 52638.20923828353 9.871695040710585e+34
390000.0 34692.3464758074 52546.245196053605 9.723656550703183e+34
400000.0 34506.78704614515 52454.28115382368 9.575618060695782e+34
410000.0 34321.227616482916 52362.31711159375 9.42757957068838e+34
420000.0 34135.66818682068 52270.353069363824 9.279541080680976e+34
430000.0 33950.10875715844 52178.3890271339 9.131502590673575e+34
440000.0 33764.5493274962 52086.42498490397 8.983464100666174e+34
450000.0 33662.830702157175 52042.616342497146 8.91324076762285e+34
460000.0 33624.025699806705 52034.943215413565 8.901409448916127e+34
470000.0 33585.220697456236 52027.270088329984 8.889578130209406e+34
480000.0 33546.41569510577 52019.5969612464 8.877746811502684e+34
490000.0 33507.6106927553 52011.923834162815 8.865915492795962e+34
500000.0 33468.80569040483 52004.250707079234 8.85408417408924e+34
510000.0 33430.00068805436 51996.577579995654 8.842252855382519e+34
520000.0 33391.19568570389 51988.90445291207 8.830421536675796e+34
530000.0 33352.39068335342 51981.231325828485 8.818590217969074e+34
540000.0 33313.58568100295 51973.558198744904 8.806758899262352e+34
550000.0 33274.78067865248 51965.88507166132 8.79492758055563e+34
560000.0 33235.97567630201 51958.211944577735 8.783096261848909e+34
570000.0 33197.17067395154 51950.538817494155 8.771264943142185e+34
580000.0 33158.365671601074 51942.865690410574 8.759433624435464e+34
590000.0 33119.560669250604 51935.19256332699 8.747602305728742e+34
600000.0 33080.755666900135 51927.519436243405 8.73577098702202e+34
610000.0 33041.950664549666 51919.846309159824 8.723939668315299e+34
620000.0 33003.1456621992 51912.17318207624 8.712108349608575e+34
630000.0 32964.34065984873 51904.500054992655 8.700277030901854e+34
640000.0 32925.53565749826 51896.826927909075 8.688445712195132e+34
650000.0 32886.73065514779 51889.153800825494 8.67661439348841e+34
660000.0 32847.92565279732 51881.48067374191 8.664783074781689e+34
670000.0 32809.12065044685 51873.807546658325 8.652951756074965e+34
680000.0 32770.31564809638 51866.134419574744 8.641120437368244e+34
690000.0 32731.510645745908 51858.46129249116 8.629289118661522e+34
700000.0 32692.70564339544 51850.788165407575 8.6174577999548e+34
710000.0 32653.90064104497 51843.115038323995 8.605626481248079e+34
720000.0 32615.0956386945 51835.441911240414 8.593795162541357e+34
730000.0 32576.29063634403 51827.76878415683 8.581963843834634e+34
740000.0 32537.48563399356 51820.095657073245 8.570132525127912e+34
750000.0 32498.680631643092 51812.422529989664 8.55830120642119e+34
760000.0 32459.875629292623 51804.74940290608 8.546469887714469e+34
770000.0 32421.070626942153 51797.0762758225 8.534638569007747e+34
780000.0 32382.265624591684 51789.403148738915 8.522807250301023e+34
790000.0 32343.460622241215 51781.730021655334 8.510975931594302e+34
800000.0 32304.655619890746 51774.05689457175 8.49914461288758e+34
810000.0 32265.850617540276 51766.383767488165 8.487313294180859e+34
820000.0 32227.045615189803 51758.710640404584 8.475481975474137e+34
830000.0 32188.240612839334 51751.037513321004 8.463650656767413e+34
840000.0 32149.435610488865 51743.36438623742 8.451819338060692e+34
850000.0 32110.630608138395 51735.691259153835 8.43998801935397e+34
860000.0 32071.825605787926 51728.018132070254 8.428156700647248e+34
870000.0 32033.020603437457 51720.34500498667 8.416325381940527e+34
880000.0 31994.215601086988 51712.671877903085 8.404494063233803e+34
890000.0 31955.41059873652 51704.998750819504 8.392662744527082e+34
900000.0 31916.60559638605 51697.325623735924 8.38083142582036e+34
910000.0 31877.80059403558 51689.65249665234 8.369000107113638e+34
920000.0 31838.99559168511 51681.979369568755 8.357168788406917e+34
930000.0 31800.19058933464 51674.306242485174 8.345337469700193e+34
940000.0 31761.385586984172 51666.63311540159 8.333506150993472e+34
950000.0 31722.580584633703 51658.959988318005 8.32167483228675e+34
960000.0 31683.775582283233 51651.286861234425 8.309843513580028e+34
970000.0 31644.970579932764 51643.613734150844 8.298012194873307e+34
980000.0 31606.165577582295 51635.94060706726 8.286180876166584e+34
990000.0 31567.360575231825 51628.267479983675 8.274349557459862e+34
1000000.0 31528.555572881352 51620.594352900094 8.26251823875314e+34
1100000.0 31140.50554937666 51543.863082064265 8.14420505168592e+34
1200000.0 30752.455525871963 51467.131811228435 8.0258918646187e+34
1300000.0 30364.40550236727 51390.40054039261 7.90757867755148e+34
1400000.0 29976.355478862573 51313.66926955678 7.78926549048426e+34
1500000.0 29588.305455357877 51236.937998720954 7.67095230341704e+34
1600000.0 29200.255431853184 51160.206727885125 7.552639116349821e+34
1700000.0 28812.205408348487 51083.475457049295 7.4343259292826e+34
1800000.0 28424.155384843794 51006.74418621347 7.31601274221538e+34
1900000.0 28036.105361339098 50930.01291537764 7.19769955514816e+34
2000000.0 27648.055337834405 50853.281644541814 7.07938636808094e+34
2100000.0 27260.00531432971 50776.550373705984 6.96107318101372e+34
2200000.0 26871.95529082501 50699.819102870155 6.8427599939465e+34
2300000.0 26483.90526732032 50623.08783203433 6.72444680687928e+34
2400000.0 26095.855243815622 50546.3565611985 6.60613361981206e+34
2500000.0 25707.80522031093 50469.625290362674 6.48782043274484e+34
2600000.0 25319.755196806233 50392.894019526844 6.36950724567762e+34
2700000.0 24931.70517330154 50316.162748691015 6.251194058610401e+34
2800000.0 24543.655149796843 50239.43147785519 6.13288087154318e+34
2900000.0 24155.605126292146 50162.70020701936 6.01456768447596e+34
3000000.0 23767.555102787454 50085.96893618353 5.89625449740874e+34
3100000.0 23379.505079282757 50009.237665347704 5.77794131034152e+34
3200000.0 22991.45505577806 49932.506394511875 5.6596281232743e+34
3300000.0 22603.405032273367 49855.775123676045 5.54131493620708e+34
3400000.0 22215.355008768674 49779.04385284022 5.42300174913986e+34
3500000.0 21827.304985263978 49702.31258200439 5.30468856207264e+34
3600000.0 21439.25496175928 49625.581311168564 5.18637537500542e+34
3700000.0 21051.20493825459 49548.850040332734 5.068062187938201e+34
3800000.0 20663.15491474989 49472.118769496905 4.9497490008709805e+34
3900000.0 20275.104891245195 49395.38749866108 4.83143581380376e+34
4000000.0 20132.930394481915 49333.629736618845 4.774013653655051e+34
4100000.0 20079.723795655707 49277.29000710617 4.7386243763229685e+34
4200000.0 20026.5171968295 49220.95027759349 4.703235098990886e+34
4300000.0 19973.31059800329 49164.61054808082 4.667845821658804e+34
4400000.0 19920.10399917708 49108.27081856814 4.632456544326722e+34
4500000.0 19866.897400350874 49051.93108905546 4.597067266994639e+34
4600000.0 19813.690801524663 48995.59135954279 4.561677989662556e+34
4700000.0 19760.484202698455 48939.251630030114 4.526288712330474e+34
4800000.0 19707.277603872248 48882.911900517436 4.490899434998391e+34
4900000.0 19654.07100504604 48826.572171004766 4.455510157666308e+34
5000000.0 19600.86440621983 48770.23244149209 4.420120880334226e+34
5100000.0 19547.65780739362 48713.89271197941 4.384731603002143e+34
5200000.0 19494.451208567414 48657.55298246674 4.349342325670061e+34
5300000.0 19441.244609741207 48601.21325295406 4.313953048337978e+34
5400000.0 19388.038010914996 48544.87352344138 4.278563771005895e+34
5500000.0 19334.831412088788 48488.53379392871 4.243174493673813e+34
5600000.0 19281.62481326258 48432.194064416035 4.20778521634173e+34
5700000.0 19228.418214436373 48375.85433490336 4.172395939009647e+34
5800000.0 19175.211615610162 48319.51460539069 4.137006661677565e+34
5900000.0 19122.005016783954 48263.17487587801 4.101617384345482e+34
6000000.0 19068.798417957747 48206.83514636533 4.0662281070133995e+34
6100000.0 19015.591819131536 48150.49541685266 4.030838829681317e+34
6200000.0 18962.38522030533 48094.15568733998 3.9954495523492343e+34
6300000.0 18909.17862147912 48037.815957827304 3.9600602750171517e+34
6400000.0 18855.972022652913 47981.476228314634 3.924670997685069e+34
6500000.0 18802.765423826702 47925.136498801956 3.889281720352987e+34
6600000.0 18749.558825000495 47868.79676928928 3.8538924430209043e+34
6700000.0 18696.352226174287 47812.45703977661 3.818503165688821e+34
6800000.0 18643.14562734808 47756.11731026393 3.783113888356739e+34
6900000.0 18589.93902852187 47699.77758075125 3.7477246110246564e+34
7000000.0 18536.73242969566 47643.43785123858 3.7123353336925737e+34
7100000.0 18483.525830869454 47587.0981217259 3.676946056360491e+34
7200000.0 18430.319232043246 47530.758392213225 3.641556779028409e+34
7300000.0 18377.112633217035 47474.418662700555 3.606167501696326e+34
7400000.0 18323.906034390828 47418.07893318788 3.5707782243642432e+34
7500000.0 18270.69943556462 47361.7392036752 3.535388947032161e+34
7600000.0 18217.492836738413 47305.39947416252 3.4999996697000784e+34
7700000.0 18164.2862379122 47249.05974464985 3.464610392367996e+34
7800000.0 18111.079639085994 47192.72001513717 3.429221115035913e+34
7900000.0 18057.873040259787 47136.3802856245 3.3938318377038306e+34
8000000.0 18004.666441433576 47080.040556111824 3.358442560371748e+34
8100000.0 17951.459842607368 47023.700826599146 3.3230532830396653e+34
8200000.0 17898.25324378116 46967.36109708647 3.2876640057075827e+34
8300000.0 17845.046644954953 46911.0213675738 3.2522747283755e+34
8400000.0 17791.840046128742 46854.68163806112 3.2168854510434174e+34
8500000.0 17738.633447302534 46798.34190854844 3.181496173711335e+34
8600000.0 17685.426848476327 46742.00217903577 3.146106896379252e+34
8700000.0 17632.22024965012 46685.66244952309 3.1107176190471696e+34
8800000.0 17579.01365082391 46629.322720010416 3.075328341715087e+34
8900000.0 17525.8070519977 46572.982990497745 3.0399390643830043e+34
9000000.0 17472.600453171493 46516.64326098507 3.0045497870509217e+34
9100000.0 17419.393854345282 46460.30353147239 2.969160509718839e+34
9200000.0 17366.187255519075 46403.96380195972 2.933771232386757e+34
9300000.0 17312.980656692867 46347.62407244704 2.898381955054674e+34
9400000.0 17259.77405786666 46291.28434293436 2.8629926777225916e+34
9500000.0 17206.567459040452 46234.94461342169 2.827603400390509e+34
9600000.0 17153.36086021424 46178.604883909014 2.792214123058426e+34
9700000.0 17100.154261388034 46122.26515439634 2.7568248457263433e+34
9800000.0 17046.947662561826 46065.925424883666 2.721435568394261e+34
9900000.0 16993.741063735615 46009.58569537099 2.6860462910621785e+34
10000000.0 16940.534464909408 45953.24596585831 2.650657013730096e+34
10100000.0 16887.3278660832 45896.90623634564 2.6152677363980132e+34
10200000.0 16834.121267256993 45840.56650683296 2.579878459065931e+34
10300000.0 16780.91466843078 45784.226777320284 2.5444891817338485e+34
10400000.0 16727.708069604574 45727.88704780761 2.509099904401766e+34
10500000.0 16674.501470778367 45671.547318294935 2.4737106270696827e+34
10600000.0 16621.29487195216 45615.20758878226 2.4383213497376e+34
10700000.0 16568.088273125948 45558.86785926959 2.402932072405518e+34
10800000.0 16514.88167429974 45502.52812975691 2.3675427950734353e+34
10900000.0 16461.675075473533 45446.18840024423 2.3321535177413527e+34
11000000.0 16408.468476647322 45389.84867073156 2.29676424040927e+34
11100000.0 16355.261877821114 45333.50894121888 2.2613749630771874e+34
11200000.0 16302.055278994907 45277.169211706205 2.225985685745105e+34
11300000.0 16248.848680168698 45220.829482193534 2.190596408413022e+34
11400000.0 16195.64208134249 45164.489752680856 2.1552071310809396e+34
11500000.0 16142.43548251628 45108.15002316818 2.119817853748857e+34
11600000.0 16089.228883690073 45051.81029365551 2.084428576416775e+34
11700000.0 16036.022284863866 44995.47056414283 2.0490392990846921e+34
11800000.0 15982.815686037655 44939.13083463015 2.013650021752609e+34
11900000.0 15929.609087211447 44882.791105117474 1.9782607444205264e+34
12000000.0 15876.40248838524 44826.4513756048 1.9428714670884443e+34
12100000.0 15823.19588955903 44770.111646092126 1.9074821897563616e+34
12200000.0 15769.989290732821 44713.771916579455 1.872092912424279e+34
12300000.0 15716.782691906614 44657.43218706678 1.8367036350921964e+34
12400000.0 15663.576093080406 44601.0924575541 1.8013143577601138e+34
12500000.0 15610.369494254197 44544.75272804142 1.7659250804280311e+34
12600000.0 15557.162895427988 44488.41299852875 1.7305358030959485e+34
12700000.0 15503.95629660178 44432.07326901607 1.6951465257638659e+34
12800000.0 15450.74969777557 44375.7335395034 1.6597572484317833e+34
12900000.0 15397.543098949363 44319.393809990725 1.624367971099701e+34
13000000.0 15344.336500123154 44263.05408047805 1.5889786937676185e+34
13100000.0 15291.129901296947 44206.71435096537 1.5535894164355354e+34
13200000.0 15237.923302470737 44150.3746214527 1.5182001391034527e+34
13300000.0 15184.71670364453 44094.03489194002 1.4828108617713706e+34
13400000.0 15131.51010481832 44037.69516242735 1.447421584439288e+34
13500000.0 15078.303505992113 43981.35543291467 1.4120323071072053e+34
13600000.0 15025.096907165904 43925.015703401994 1.3766430297751227e+34
13700000.0 14971.890308339694 43868.675973889316 1.34125375244304e+34
13800000.0 14918.683709513487 43812.336244376645 1.3058644751109574e+34
13900000.0 14865.47711068728 43755.99651486397 1.2704751977788748e+34
14000000.0 14812.27051186107 43699.65678535129 1.2350859204467922e+34
14100000.0 14759.06391303486 43643.31705583862 1.1996966431147096e+34
14200000.0 14705.857314208653 43586.97732632594 1.1643073657826274e+34
14300000.0 14652.650715382446 43530.63759681326 1.1289180884505448e+34
14400000.0 14599.444116556237 43474.29786730059 1.0935288111184617e+34
14500000.0 14546.237517730027 43417.958137787915 1.058139533786379e+34
14600000.0 14529.79508667897 43371.93377303119 1.0478404683387289e+34
14700000.0 14524.334160288023 43328.99062112365 1.045035881765649e+34
14800000.0 14518.873233897075 43286.04746921611 1.0422312951925696e+34
14900000.0 14513.412307506127 43243.10431730856 1.03942670861949e+34
15000000.0 14507.95138111518 43200.16116540102 1.0366221220464104e+34
15100000.0 14502.490454724231 43157.21801349348 1.0338175354733308e+34
15200000.0 14497.029528333283 43114.27486158594 1.0310129489002512e+34
15300000.0 14491.568601942336 43071.331709678394 1.0282083623271716e+34
15400000.0 14486.107675551388 43028.38855777085 1.0254037757540919e+34
15500000.0 14480.64674916044 42985.44540586331 1.0225991891810124e+34
15600000.0 14475.185822769492 42942.50225395577 1.0197946026079328e+34
15700000.0 14469.724896378544 42899.559102048224 1.0169900160348532e+34
15800000.0 14464.263969987596 42856.61595014068 1.0141854294617736e+34
15900000.0 14458.803043596648 42813.67279823314 1.011380842888694e+34
16000000.0 14453.3421172057 42770.7296463256 1.0085762563156144e+34
16100000.0 14447.881190814753 42727.786494418055 1.0057716697425348e+34
16200000.0 14442.420264423805 42684.84334251051 1.0029670831694553e+34
16300000.0 14436.959338032857 42641.90019060297 1.0001624965963756e+34
16400000.0 14431.49841164191 42598.95703869543 9.97357910023296e+33
16500000.0 14426.037485250961 42556.013886787885 9.945533234502164e+33
16600000.0 14420.576558860013 42513.07073488034 9.917487368771368e+33
16700000.0 14415.115632469066 42470.127582972804 9.889441503040572e+33
16800000.0 14409.654706078118 42427.18443106526 9.861395637309776e+33
16900000.0 14404.19377968717 42384.241279157715 9.83334977157898e+33
17000000.0 14398.732853296222 42341.29812725017 9.805303905848183e+33
17100000.0 14393.271926905274 42298.354975342634 9.777258040117388e+33
17200000.0 14387.811000514326 42255.41182343509 9.749212174386592e+33
17300000.0 14382.350074123378 42212.468671527546 9.721166308655796e+33
17400000.0 14376.88914773243 42169.52551962 9.693120442925e+33
17500000.0 14371.428221341483 42126.582367712464 9.665074577194204e+33
17600000.0 14365.967294950535 42083.63921580492 9.637028711463408e+33
17700000.0 14360.506368559587 42040.696063897376 9.608982845732612e+33
17800000.0 14355.045442168639 41997.75291198983 9.580936980001817e+33
17900000.0 14349.584515777691 41954.809760082295 9.55289111427102e+33
18000000.0 14344.123589386743 41911.86660817475 9.524845248540224e+33
18100000.0 14338.662662995795 41868.923456267206 9.496799382809428e+33
18200000.0 14333.201736604848 41825.98030435966 9.468753517078632e+33
18300000.0 14327.7408102139 41783.037152452125 9.440707651347836e+33
18400000.0 14322.279883822952 41740.09400054458 9.41266178561704e+33
18500000.0 14316.818957432004 41697.15084863704 9.384615919886244e+33
18600000.0 14311.358031041056 41654.20769672949 9.356570054155447e+33
18700000.0 14305.897104650106 41611.264544821955 9.328524188424652e+33
18800000.0 14300.436178259159 41568.32139291441 9.300478322693856e+33
18900000.0 14294.97525186821 41525.37824100687 9.27243245696306e+33
19000000.0 14289.514325477263 41482.43508909932 9.244386591232264e+33
19100000.0 14284.053399086315 41439.491937191786 9.216340725501468e+33
19200000.0 14278.592472695367 41396.54878528424 9.188294859770672e+33
19300000.0 14273.13154630442 41353.6056333767 9.160248994039876e+33
19400000.0 14267.670619913471 41310.66248146915 9.132203128309081e+33
19500000.0 14262.209693522524 41267.719329561616 9.104157262578284e+33
19600000.0 14256.748767131576 41224.77617765407 9.076111396847488e+33
19700000.0 14251.287840740628 41181.83302574653 9.048065531116692e+33
19800000.0 14245.82691434968 41138.88987383898 9.020019665385896e+33
19900000.0 14240.365987958732 41095.94672193145 8.9919737996551e+33
20000000.0 14234.905061567784 41053.0035700239 8.963927933924304e+33
20100000.0 14229.444135176836 41010.06041811636 8.935882068193508e+33
20200000.0 14223.983208785889 40967.117266208814 8.907836202462711e+33
20300000.0 14218.52228239494 40924.17411430128 8.879790336731916e+33
20400000.0 14213.061356003993 40881.23096239373 8.85174447100112e+33
20500000.0 14207.600429613045 40838.28781048619 8.823698605270324e+33
20600000.0 14202.139503222097 40795.344658578644 8.795652739539528e+33
20700000.0 14196.67857683115 40752.40150667111 8.767606873808732e+33
20800000.0 14191.217650440201 40709.45835476356 8.739561008077936e+33
20900000.0 14185.756724049254 40666.51520285602 8.71151514234714e+33
21000000.0 14180.295797658306 40623.572050948474 8.683469276616345e+33
21100000.0 14174.834871267358 40580.62889904094 8.655423410885548e+33
21200000.0 14169.37394487641 40537.68574713339 8.627377545154752e+33
21300000.0 14163.913018485462 40494.74259522585 8.599331679423956e+33
21400000.0 14158.452092094514 40451.799443318305 8.57128581369316e+33
21500000.0 14152.991165703566 40408.85629141077 8.543239947962364e+33
21600000.0 14147.530239312619 40365.913139503224 8.515194082231568e+33
21700000.0 14142.06931292167 40322.96998759568 8.487148216500772e+33
21800000.0 14136.608386530723 40280.026835688135 8.459102350769975e+33
21900000.0 14131.147460139775 40237.0836837806 8.43105648503918e+33
22000000.0 14125.686533748827 40194.140531873054 8.403010619308384e+33
22100000.0 14120.22560735788 40151.19737996551 8.374964753577589e+33
22200000.0 14114.764680966931 40108.254228057966 8.346918887846792e+33
22300000.0 14109.303754575983 40065.31107615042 8.318873022115997e+33
22400000.0 14103.842828185036 40022.367924242884 8.2908271563852e+33
22500000.0 14098.381901794088 39979.42477233534 8.262781290654404e+33
22600000.0 14092.92097540314 39936.481620427796 8.234735424923609e+33
22700000.0 14087.460049012192 39893.53846852026 8.206689559192812e+33
22800000.0 14081.999122621244 39850.595316612715 8.178643693462016e+33
22900000.0 14076.538196230296 39807.65216470517 8.15059782773122e+33
23000000.0 14071.077269839348 39764.709012797626 8.122551962000424e+33
23100000.0 14065.6163434484 39721.76586089008 8.094506096269628e+33
23200000.0 14060.155417057453 39678.822708982545 8.066460230538832e+33
23300000.0 14054.694490666505 39635.879557075 8.038414364808036e+33
23400000.0 14049.233564275557 39592.93640516746 8.010368499077241e+33
23500000.0 14043.77263788461 39549.99325325992 7.982322633346444e+33
23600000.0 14038.311711493661 39507.050101352375 7.954276767615649e+33
23700000.0 14032.850785102713 39464.10694944483 7.926230901884853e+33
23800000.0 14027.389858711766 39421.16379753729 7.898185036154056e+33
23900000.0 14021.928932320818 39378.22064562974 7.870139170423261e+33
24000000.0 14016.46800592987 39335.277493722206 7.842093304692464e+33
24100000.0 14011.007079538922 39292.33434181466 7.814047438961668e+33
24200000.0 14005.546153147974 39249.39118990712 7.786001573230873e+33
24300000.0 14000.085226757026 39206.44803799958 7.757955707500076e+33
24400000.0 13994.624300366078 39163.504886092036 7.72990984176928e+33
24500000.0 13989.16337397513 39120.56173418449 7.701863976038485e+33
24600000.0 13983.702447584183 39077.61858227695 7.673818110307688e+33
24700000.0 13978.241521193235 39034.6754303694 7.645772244576892e+33
24800000.0 13972.780594802287 38991.73227846187 7.617726378846096e+33
24900000.0 13967.319668411339 38948.78912655432 7.5896805131153e+33
25000000.0 13961.858742020391 38905.84597464678 7.561634647384504e+33
25100000.0 13956.397815629443 38862.902822739234 7.533588781653708e+33
25200000.0 13950.936889238495 38819.9596708317 7.505542915922913e+33
25300000.0 13945.475962847548 38777.01651892415 7.477497050192117e+33
25400000.0 13940.0150364566 38734.07336701661 7.44945118446132e+33
25500000.0 13934.554110065652 38691.130215109064 7.421405318730525e+33
25600000.0 13929.093183674704 38648.18706320153 7.393359452999728e+33
25700000.0 13923.632257283756 38605.24391129398 7.365313587268932e+33
25800000.0 13918.171330892808 38562.30075938644 7.337267721538137e+33
25900000.0 13912.71040450186 38519.3576074789 7.30922185580734e+33
26000000.0 13907.249478110913 38476.41445557136 7.281175990076544e+33
26100000.0 13901.788551719965 38433.47130366381 7.253130124345749e+33
26200000.0 13896.327625329017 38390.52815175627 7.225084258614952e+33
26300000.0 13890.866698938069 38347.584999848725 7.197038392884156e+33
26400000.0 13885.405772547121 38304.64184794119 7.16899252715336e+33
26500000.0 13879.944846156173 38261.69869603364 7.140946661422564e+33
26600000.0 13874.483919765225 38218.7555441261 7.112900795691768e+33
26700000.0 13869.022993374278 38175.812392218555 7.084854929960972e+33
26800000.0 13863.56206698333 38132.86924031102 7.056809064230176e+33
26900000.0 13858.101140592382 38089.926088403474 7.028763198499379e+33
27000000.0 13852.640214201434 38046.98293649593 7.000717332768584e+33
27100000.0 13847.179287810486 38004.039784588385 6.972671467037789e+33
27200000.0 13841.718361419538 37961.09663268085 6.944625601306992e+33
27300000.0 13836.25743502859 37918.153480773304 6.916579735576196e+33
27400000.0 13830.796508637643 37875.21032886576 6.888533869845401e+33
27500000.0 13825.335582246695 37832.267176958216 6.860488004114604e+33
27600000.0 13819.874655855747 37789.32402505068 6.832442138383808e+33
27700000.0 13814.413729464799 37746.380873143135 6.804396272653013e+33
27800000.0 13808.952803073851 37703.43772123559 6.776350406922216e+33
27900000.0 13803.491876682903 37660.494569328046 6.74830454119142e+33
28000000.0 13798.030950291955 37617.55141742051 6.720258675460624e+33
28100000.0 13792.570023901008 37574.608265512965 6.692212809729828e+33
28200000.0 13787.10909751006 37531.66511360542 6.664166943999032e+33
28300000.0 13781.648171119112 37488.72196169788 6.636121078268236e+33
28400000.0 13776.187244728164 37445.77880979034 6.60807521253744e+33
28500000.0 13770.726318337216 37402.835657882795 6.580029346806643e+33
28600000.0 13765.265391946268 37359.89250597525 6.551983481075848e+33
28700000.0 13759.80446555532 37316.94935406771 6.523937615345052e+33
28800000.0 13754.343539164372 37274.00620216017 6.495891749614255e+33
28900000.0 13748.882612773425 37231.063050252626 6.46784588388346e+33
29000000.0 13743.421686382477 37188.11989834508 6.439800018152665e+33
29100000.0 13737.960759991529 37145.17674643754 6.411754152421868e+33
29200000.0 13732.499833600581 37102.23359453 6.383708286691072e+33
29300000.0 13727.038907209633 37059.290442622456 6.355662420960277e+33
29400000.0 13721.577980818685 37016.34729071491 6.32761655522948e+33
29500000.0 13716.117054427737 36973.40413880737 6.299570689498684e+33
29600000.0 13710.65612803679 36930.46098689983 6.271524823767888e+33
29700000.0 13705.195201645842 36887.517834992286 6.243478958037092e+33
29800000.0 13699.734275254894 36844.57468308474 6.215433092306296e+33
29900000.0 13694.273348863946 36801.6315311772 6.1873872265755e+33
30000000.0 13688.812422472998 36758.68837926966 6.159341360844705e+33
30100000.0 13683.35149608205 36715.74522736212 6.131295495113907e+33
30200000.0 13677.890569691102 36672.80207545457 6.103249629383112e+33
30300000.0 13672.429643300155 36629.85892354703 6.075203763652317e+33
30400000.0 13666.968716909207 36586.915771639484 6.047157897921519e+33
30500000.0 13661.507790518259 36543.97261973195 6.019112032190724e+33
30600000.0 13656.046864127311 36501.0294678244 5.991066166459929e+33
30700000.0 13650.585937736363 36458.08631591686 5.963020300729131e+33
30800000.0 13645.125011345415 36415.14316400932 5.934974434998336e+33
30900000.0 13639.664084954467 36372.20001210178 5.906928569267541e+33
31000000.0 13634.20315856352 36329.25686019423 5.878882703536744e+33
31100000.0 13628.742232172572 36286.31370828669 5.850836837805948e+33
31200000.0 13623.281305781624 36243.37055637915 5.822790972075152e+33
31300000.0 13617.820379390676 36200.42740447161 5.794745106344356e+33
31400000.0 13612.359452999728 36157.48425256406 5.76669924061356e+33
31500000.0 13606.89852660878 36114.54110065652 5.738653374882764e+33
31600000.0 13601.437600217832 36071.59794874898 5.710607509151969e+33
31700000.0 13595.976673826885 36028.65479684144 5.682561643421171e+33
31800000.0 13590.515747435937 35985.711644933894 5.654515777690376e+33
31900000.0 13585.054821044989 35942.76849302635 5.626469911959581e+33
32000000.0 13579.593894654041 35899.825341118805 5.598424046228783e+33
32100000.0 13574.132968263093 35856.88218921127 5.570378180497988e+33
32200000.0 13568.672041872145 35813.939037303724 5.542332314767193e+33
32300000.0 13563.211115481197 35770.99588539618 5.514286449036396e+33
32400000.0 13557.75018909025 35728.05273348864 5.4862405833056e+33
32500000.0 13552.289262699302 35685.1095815811 5.458194717574805e+33
32600000.0 13546.828336308354 35642.166429673554 5.430148851844008e+33
32700000.0 13541.367409917406 35599.22327776601 5.402102986113212e+33
32800000.0 13535.906483526458 35556.280125858466 5.374057120382416e+33
32900000.0 13530.44555713551 35513.33697395093 5.346011254651621e+33
33000000.0 13524.984630744562 35470.393822043385 5.317965388920824e+33
33100000.0 13519.523704353614 35427.45067013584 5.289919523190028e+33
33200000.0 13514.062777962667 35384.507518228296 5.261873657459232e+33
33300000.0 13508.601851571719 35341.56436632076 5.233827791728437e+33
33400000.0 13503.14092518077 35298.621214413215 5.20578192599764e+33
33500000.0 13497.679998789823 35255.67806250567 5.177736060266844e+33
33600000.0 13492.219072398875 35212.73491059813 5.1496901945360485e+33
33700000.0 13486.758146007927 35169.79175869059 5.121644328805252e+33
33800000.0 13481.29721961698 35126.848606783045 5.093598463074457e+33
33900000.0 13475.836293226032 35083.9054548755 5.0655525973436604e+33
34000000.0 13470.375366835084 35040.962302967964 5.037506731612865e+33
34100000.0 13464.914440444136 34998.01915106042 5.0094608658820687e+33
34200000.0 13459.453514053188 34955.075999152876 4.981415000151272e+33
34300000.0 13453.99258766224 34912.13284724533 4.953369134420476e+33
34400000.0 13448.531661271292 34869.18969533779 4.9253232686896805e+33
34500000.0 13443.070734880344 34826.24654343025 4.897277402958884e+33
34600000.0 13437.609808489397 34783.303391522706 4.869231537228089e+33
34700000.0 13432.148882098449 34740.36023961516 4.8411856714972924e+33
34800000.0 13426.6879557075 34697.417087707625 4.813139805766496e+33
34900000.0 13421.227029316553 34654.47393580008 4.7850939400356995e+33
35000000.0 13415.766102925605 34611.53078389254 4.757048074304904e+33
35100000.0 13410.305176534657 34568.58763198499 4.729002208574108e+33
35200000.0 13404.84425014371 34525.64448007745 4.7009563428433125e+33
35300000.0 13399.383323752761 34482.701328169904 4.672910477112516e+33
35400000.0 13393.922397361814 34439.75817626237 4.644864611381721e+33
35500000.0 13388.461470970866 34396.81502435482 4.6168187456509244e+33
35600000.0 13383.000544579918 34353.871872447286 4.588772879920128e+33
35700000.0 13377.53961818897 34310.92872053974 4.5607270141893327e+33
35800000.0 13372.078691798022 34267.9855686322 4.532681148458536e+33
35900000.0 13366.617765407074 34225.04241672465 4.504635282727741e+33
36000000.0 13361.156839016126 34182.09926481711 4.4765894169969445e+33
36100000.0 13355.695912625179 34139.15611290957 4.448543551266148e+33
36200000.0 13350.23498623423 34096.21296100203 4.4204976855353517e+33
36300000.0 13344.774059843283 34053.26980909448 4.3924518198045564e+33
36400000.0 13339.313133452335 34010.326657186946 4.36440595407376e+33
36500000.0 13333.852207061387 33967.3835052794 4.3363600883429647e+33
36600000.0 13328.39128067044 33924.44035337186 4.308314222612168e+33
36700000.0 13322.930354279491 33881.49720146431 4.280268356881373e+33
36800000.0 13317.469427888544 33838.55404955677 4.2522224911505766e+33
36900000.0 13312.008501497596 33795.61089764923 4.22417662541978e+33
37000000.0 13306.547575106646 33752.66774574169 4.1961307596889837e+33
37100000.0 13301.0866487157 33709.724593834144 4.1680848939581884e+33
37200000.0 13295.62572232475 33666.7814419266 4.140039028227392e+33
37300000.0 13290.164795933804 33623.83829001906 4.1119931624965967e+33
37400000.0 13284.703869542856 33580.89513811152 4.0839472967658014e+33
37500000.0 13279.242943151909 33537.951986203974 4.055901431035004e+33
37600000.0 13273.78201676096 33495.00883429643 4.0278555653042086e+33
37700000.0 13268.321090370011 33452.06568238889 3.999809699573412e+33
37800000.0 13262.860163979065 33409.12253048135 3.971763833842617e+33
37900000.0 13257.399237588115 33366.179378573805 3.9437179681118204e+33
38000000.0 13251.93831119717 33323.23622666627 3.915672102381025e+33
38100000.0 13246.47738480622 33280.29307475872 3.887626236650229e+33
38200000.0 13241.016458415272 33237.34992285118 3.859580370919432e+33
38300000.0 13235.555532024324 33194.406770943635 3.831534505188636e+33
38400000.0 13230.094605633376 33151.46361903609 3.8034886394578406e+33
38500000.0 13224.633679242428 33108.52046712855 3.775442773727044e+33
38600000.0 13219.17275285148 33065.57731522101 3.747396907996249e+33
38700000.0 13213.711826460532 33022.634163313465 3.7193510422654524e+33
38800000.0 13208.250900069585 32979.69101140593 3.691305176534656e+33
38900000.0 13202.789973678637 32936.747859498384 3.6632593108038596e+33
39000000.0 13197.329047287689 32893.80470759084 3.6352134450730643e+33
39100000.0 13191.868120896741 32850.861555683296 3.607167579342268e+33
39200000.0 13186.407194505793 32807.91840377575 3.5791217136114726e+33
39300000.0 13180.946268114845 32764.975251868214 3.5510758478806773e+33
39400000.0 13175.485341723897 32722.03209996067 3.523029982149881e+33
39500000.0 13170.02441533295 32679.088948053126 3.4949841164190844e+33
39600000.0 13164.563488942002 32636.14579614558 3.466938250688288e+33
39700000.0 13159.102562551054 32593.202644238045 3.438892384957493e+33
39800000.0 13153.641636160106 32550.2594923305 3.4108465192266963e+33
39900000.0 13148.180709769158 32507.316340422956 3.382800653495901e+33
40000000.0 13142.71978337821 32464.373188515412 3.3547547877651046e+33
40100000.0 13137.258856987262 32421.430036607875 3.326708922034308e+33
40200000.0 13131.797930596314 32378.48688470033 3.298663056303512e+33
40300000.0 13126.337004205367 32335.543732792787 3.2706171905727165e+33
40400000.0 13120.876077814419 32292.600580885242 3.24257132484192e+33
40500000.0 13115.41515142347 32249.657428977705 3.214525459111125e+33
40600000.0 13109.954225032523 32206.71427707016 3.1864795933803283e+33
40700000.0 13104.493298641575 32163.771125162617 3.158433727649533e+33
40800000.0 13099.032372250627 32120.827973255073 3.1303878619187355e+33
40900000.0 13093.57144585968 32077.884821347532 3.10234199618794e+33
41000000.0 13088.110519468732 32034.94166943999 3.074296130457144e+33
41100000.0 13082.649593077784 31991.998517532447 3.0462502647263485e+33
41200000.0 13077.188666686836 31949.055365624907 3.018204398995553e+33
41300000.0 13071.727740295888 31906.112213717362 2.990158533264757e+33
41400000.0 13066.26681390494 31863.169061809822 2.9621126675339603e+33
41500000.0 13060.805887513992 31820.225909902278 2.934066801803164e+33
41600000.0 13055.344961123044 31777.282757994737 2.9060209360723686e+33
41700000.0 13049.884034732097 31734.339606087193 2.877975070341572e+33
41800000.0 13044.423108341149 31691.396454179652 2.849929204610777e+33
41900000.0 13038.9621819502 31648.453302272108 2.8218833388799805e+33
42000000.0 13033.501255559253 31605.510150364564 2.793837473149185e+33
42100000.0 13028.040329168305 31562.566998457023 2.7657916074183876e+33
42200000.0 13022.579402777357 31519.623846549483 2.7377457416875923e+33
42300000.0 13017.11847638641 31476.68069464194 2.709699875956796e+33
42400000.0 13011.657549995462 31433.737542734394 2.6816540102260006e+33
42500000.0 13006.196623604514 31390.794390826853 2.653608144495204e+33
42600000.0 13000.735697213566 31347.851238919313 2.625562278764409e+33
42700000.0 12995.274770822618 31304.90808701177 2.5975164130336125e+33
42800000.0 12989.81384443167 31261.964935104224 2.569470547302816e+33
42900000.0 12984.352918040722 31219.021783196684 2.5414246815720196e+33
43000000.0 12978.891991649774 31176.078631289143 2.5133788158412243e+33
43100000.0 12973.431065258826 31133.1354793816 2.485332950110429e+33
43200000.0 12967.970138867879 31090.192327474055 2.4572870843796326e+33
43300000.0 12962.50921247693 31047.249175566514 2.4292412186488374e+33
43400000.0 12957.048286085983 31004.306023658974 2.4011953529180398e+33
43500000.0 12951.587359695035 30961.36287175143 2.3731494871872445e+33
43600000.0 12946.126433304087 30918.419719843885 2.345103621456448e+33
43700000.0 12940.66550691314 30875.476567936345 2.3170577557256528e+33
43800000.0 12935.204580522191 30832.533416028804 2.2890118899948564e+33
43900000.0 12929.743654131244 30789.59026412126 2.260966024264061e+33
44000000.0 12924.282727740296 30746.647112213715 2.2329201585332646e+33
44100000.0 12918.821801349348 30703.703960306175 2.2048742928024682e+33
44200000.0 12913.3608749584 30660.760808398634 2.1768284270716718e+33
44300000.0 12907.899948567452 30617.81765649109 2.1487825613408765e+33
44400000.0 12902.439022176504 30574.874504583546 2.12073669561008e+33
44500000.0 12896.978095785556 30531.931352676005 2.0926908298792848e+33
44600000.0 12891.517169394609 30488.988200768465 2.0646449641484884e+33
44700000.0 12886.05624300366 30446.04504886092 2.036599098417693e+33
44800000.0 12880.595316612713 30403.101896953376 2.0085532326868955e+33
44900000.0 12875.134390221765 30360.158745045836 1.9805073669561002e+33
45000000.0 12869.673463830817 30317.215593138295 1.952461501225305e+33
45100000.0 12864.21253743987 30274.27244123075 1.9244156354945085e+33
45200000.0 12858.751611048921 30231.329289323206 1.8963697697637132e+33
45300000.0 12853.290684657974 30188.386137415666 1.8683239040329168e+33
45400000.0 12847.829758267026 30145.442985508125 1.8402780383021204e+33
45500000.0 12842.368831876078 30102.49983360058 1.812232172571324e+33
45600000.0 12836.90790548513 30059.556681693037 1.7841863068405287e+33
45700000.0 12831.446979094182 30016.613529785496 1.7561404411097322e+33
45800000.0 12825.986052703234 29973.670377877956 1.728094575378937e+33
45900000.0 12820.525126312286 29930.72722597041 1.7000487096481405e+33
46000000.0 12815.064199921339 29887.784074062867 1.6720028439173452e+33
46100000.0 12809.60327353039 29844.840922155327 1.6439569781865477e+33
46200000.0 12804.142347139443 29801.897770247786 1.6159111124557524e+33
46300000.0 12798.681420748495 29758.95461834024 1.587865246724956e+33
46400000.0 12793.220494357547 29716.011466432697 1.5598193809941607e+33
46500000.0 12787.7595679666 29673.068314525153 1.5317735152633642e+33
46600000.0 12782.298641575651 29630.125162617616 1.503727649532569e+33
46700000.0 12776.837715184703 29587.182010710072 1.4756817838017725e+33
46800000.0 12771.376788793756 29544.238858802528 1.447635918070976e+33
46900000.0 12765.915862402808 29501.295706894987 1.4195900523401808e+33
47000000.0 12760.45493601186 29458.352554987447 1.3915441866093844e+33
47100000.0 12754.994009620912 29415.409403079902 1.363498320878589e+33
47200000.0 12749.533083229964 29372.466251172358 1.3354524551477927e+33
47300000.0 12744.072156839016 29329.523099264818 1.3074065894169974e+33
47400000.0 12738.611230448068 29286.579947357277 1.2793607236861998e+33
47500000.0 12733.15030405712 29243.636795449733 1.2513148579554045e+33
47600000.0 12728.830215776316 29208.93769614014 1.2297785145653446e+33
47700000.0 12728.122781510967 29200.34476339072 1.2288556585876137e+33
47800000.0 12727.415347245616 29191.7518306413 1.2279328026098828e+33
47900000.0 12726.707912980266 29183.15889789188 1.227009946632152e+33
48000000.0 12726.000478714916 29174.56596514246 1.226087090654421e+33
48100000.0 12725.293044449567 29165.97303239304 1.2251642346766901e+33
48200000.0 12724.585610184216 29157.380099643622 1.2242413786989593e+33
48300000.0 12723.878175918866 29148.787166894203 1.2233185227212284e+33
48400000.0 12723.170741653517 29140.194234144783 1.2223956667434974e+33
48500000.0 12722.463307388167 29131.601301395367 1.2214728107657665e+33
48600000.0 12721.755873122816 29123.008368645947 1.2205499547880357e+33
48700000.0 12721.048438857468 29114.415435896528 1.2196270988103048e+33
48800000.0 12720.341004592117 29105.82250314711 1.218704242832574e+33
48900000.0 12719.633570326767 29097.22957039769 1.217781386854843e+33
49000000.0 12718.926136061418 29088.63663764827 1.2168585308771121e+33
49100000.0 12718.218701796068 29080.04370489885 1.2159356748993812e+33
49200000.0 12717.511267530717 29071.45077214943 1.2150128189216504e+33
49300000.0 12716.803833265367 29062.85783940001 1.2140899629439194e+33
49400000.0 12716.096399000018 29054.26490665059 1.2131671069661885e+33
49500000.0 12715.388964734668 29045.67197390117 1.2122442509884577e+33
49600000.0 12714.681530469317 29037.079041151752 1.2113213950107268e+33
49700000.0 12713.974096203969 29028.486108402332 1.210398539032996e+33
49800000.0 12713.266661938618 29019.893175652913 1.209475683055265e+33
49900000.0 12712.559227673268 29011.300242903493 1.2085528270775341e+33
50000000.0 12711.85179340792 29002.707310154074 1.2076299710998032e+33
50100000.0 12711.144359142569 28994.114377404658 1.2067071151220724e+33
50200000.0 12710.436924877218 28985.521444655238 1.2057842591443414e+33
50300000.0 12709.729490611868 28976.92851190582 1.2048614031666105e+33
50400000.0 12709.02205634652 28968.3355791564 1.2039385471888796e+33
50500000.0 12708.314622081169 28959.74264640698 1.2030156912111488e+33
50600000.0 12707.607187815818 28951.14971365756 1.202092835233418e+33
50700000.0 12706.89975355047 28942.55678090814 1.201169979255687e+33
50800000.0 12706.192319285119 28933.96384815872 1.200247123277956e+33
50900000.0 12705.484885019769 28925.3709154093 1.1993242673002252e+33
51000000.0 12704.77745075442 28916.77798265988 1.1984014113224944e+33
51100000.0 12704.07001648907 28908.185049910462 1.1974785553447634e+33
51200000.0 12703.362582223719 28899.592117161043 1.1965556993670325e+33
51300000.0 12702.65514795837 28890.999184411623 1.1956328433893016e+33
51400000.0 12701.94771369302 28882.406251662203 1.1947099874115708e+33
51500000.0 12701.24027942767 28873.813318912784 1.1937871314338398e+33
51600000.0 12700.532845162319 28865.220386163364 1.1928642754561089e+33
51700000.0 12699.82541089697 28856.627453413945 1.191941419478378e+33
51800000.0 12699.11797663162 28848.03452066453 1.1910185635006472e+33
51900000.0 12698.41054236627 28839.44158791511 1.1900957075229163e+33
52000000.0 12697.70310810092 28830.84865516569 1.1891728515451853e+33
52100000.0 12696.99567383557 28822.25572241627 1.1882499955674545e+33
52200000.0 12696.28823957022 28813.66278966685 1.1873271395897236e+33
52300000.0 12695.580805304871 28805.06985691743 1.1864042836119928e+33
52400000.0 12694.87337103952 28796.47692416801 1.1854814276342618e+33
52500000.0 12694.16593677417 28787.883991418592 1.1845585716565309e+33
52600000.0 12693.45850250882 28779.291058669172 1.1836357156788e+33
52700000.0 12692.751068243471 28770.698125919753 1.1827128597010692e+33
52800000.0 12692.04363397812 28762.105193170333 1.1817900037233382e+33
52900000.0 12691.33619971277 28753.512260420914 1.1808671477456073e+33
53000000.0 12690.628765447422 28744.919327671494 1.1799442917678765e+33
53100000.0 12689.921331182071 28736.326394922075 1.1790214357901456e+33
53200000.0 12689.21389691672 28727.733462172655 1.1780985798124147e+33
53300000.0 12688.506462651372 28719.140529423235 1.1771757238346837e+33
53400000.0 12687.799028386022 28710.54759667382 1.1762528678569529e+33
53500000.0 12687.091594120671 28701.9546639244 1.175330011879222e+33
53600000.0 12686.38415985532 28693.36173117498 1.1744071559014912e+33
53700000.0 12685.676725589972 28684.76879842556 1.1734842999237603e+33
53800000.0 12684.969291324622 28676.17586567614 1.1725614439460293e+33
53900000.0 12684.261857059271 28667.58293292672 1.1716385879682984e+33
54000000.0 12683.554422793923 28658.990000177302 1.1707157319905676e+33
54100000.0 12682.846988528572 28650.397067427883 1.1697928760128367e+33
54200000.0 12682.139554263222 28641.804134678463 1.1688700200351057e+33
54300000.0 12681.432119997873 28633.211201929043 1.1679471640573749e+33
54400000.0 12680.724685732523 28624.618269179624 1.167024308079644e+33
54500000.0 12680.017251467172 28616.025336430204 1.1661014521019131e+33
54600000.0 12679.309817201824 28607.432403680785 1.1651785961241821e+33
54700000.0 12678.602382936473 28598.839470931365 1.1642557401464513e+33
54800000.0 12677.894948671123 28590.246538181946 1.1633328841687204e+33
54900000.0 12677.187514405772 28581.653605432526 1.1624100281909896e+33
55000000.0 12676.480080140424 28573.06067268311 1.1614871722132587e+33
55100000.0 12675.772645875073 28564.46773993369 1.1605643162355277e+33
55200000.0 12675.065211609723 28555.87480718427 1.1596414602577968e+33
55300000.0 12674.357777344374 28547.28187443485 1.158718604280066e+33
55400000.0 12673.650343079024 28538.688941685432 1.1577957483023351e+33
55500000.0 12672.942908813673 28530.096008936012 1.1568728923246041e+33
55600000.0 12672.235474548324 28521.503076186593 1.1559500363468733e+33
55700000.0 12671.528040282974 28512.910143437173 1.1550271803691424e+33
55800000.0 12670.820606017624 28504.317210687754 1.1541043243914116e+33
55900000.0 12670.113171752273 28495.724277938334 1.1531814684136805e+33
56000000.0 12669.405737486924 28487.131345188915 1.1522586124359497e+33
56100000.0 12668.698303221574 28478.538412439495 1.1513357564582188e+33
56200000.0 12667.990868956223 28469.945479690075 1.150412900480488e+33
56300000.0 12667.283434690875 28461.352546940656 1.1494900445027571e+33
56400000.0 12666.576000425524 28452.759614191236 1.1485671885250261e+33
56500000.0 12665.868566160174 28444.166681441817 1.1476443325472953e+33
56600000.0 12665.161131894825 28435.573748692397 1.1467214765695644e+33
56700000.0 12664.453697629475 28426.98081594298 1.1457986205918335e+33
56800000.0 12663.746263364124 28418.38788319356 1.1448757646141025e+33
56900000.0 12663.038829098776 28409.794950444142 1.1439529086363717e+33
57000000.0 12662.331394833425 28401.202017694723 1.1430300526586408e+33
57100000.0 12661.623960568075 28392.609084945303 1.14210719668091e+33
57200000.0 12660.916526302724 28384.016152195883 1.141184340703179e+33
57300000.0 12660.209092037376 28375.423219446464 1.1402614847254481e+33
57400000.0 12659.501657772025 28366.830286697044 1.1393386287477172e+33
57500000.0 12658.794223506675 28358.237353947625 1.1384157727699864e+33
57600000.0 12658.086789241326 28349.644421198205 1.1374929167922555e+33
57700000.0 12657.379354975976 28341.051488448786 1.1365700608145245e+33
57800000.0 12656.671920710625 28332.458555699366 1.1356472048367937e+33
57900000.0 12655.964486445277 28323.865622949947 1.1347243488590628e+33
58000000.0 12655.257052179926 28315.272690200527 1.133801492881332e+33
58100000.0 12654.549617914576 28306.679757451107 1.1328786369036011e+33
58200000.0 12653.842183649225 28298.08682470169 1.1319557809258701e+33
58300000.0 12653.134749383877 28289.493891952272 1.1310329249481392e+33
58400000.0 12652.427315118526 28280.900959202852 1.1301100689704084e+33
58500000.0 12651.719880853176 28272.308026453433 1.1291872129926775e+33
58600000.0 12651.012446587827 28263.715093704013 1.1282643570149465e+33
58700000.0 12650.305012322477 28255.122160954594 1.1273415010372156e+33
58800000.0 12649.597578057126 28246.529228205174 1.1264186450594848e+33
58900000.0 12648.890143791778 28237.936295455755 1.1254957890817539e+33
59000000.0 12648.182709526427 28229.343362706335 1.1245729331040229e+33
59100000.0 12647.475275261077 28220.750429956915 1.123650077126292e+33
59200000.0 12646.767840995726 28212.157497207496 1.1227272211485612e+33
59300000.0 12646.060406730378 28203.564564458076 1.1218043651708303e+33
59400000.0 12645.352972465027 28194.971631708657 1.1208815091930995e+33
59500000.0 12644.645538199677 28186.378698959237 1.1199586532153685e+33
59600000.0 12643.938103934328 28177.785766209818 1.1190357972376376e+33
59700000.0 12643.230669668977 28169.192833460398 1.1181129412599068e+33
59800000.0 12642.523235403627 28160.59990071098 1.1171900852821759e+33
59900000.0 12641.815801138278 28152.006967961563 1.1162672293044449e+33
60000000.0 12641.108366872928 28143.414035212143 1.115344373326714e+33
60100000.0 12640.400932607577 28134.821102462724 1.1144215173489832e+33
60200000.0 12639.693498342229 28126.228169713304 1.1134986613712523e+33
60300000.0 12638.986064076878 28117.635236963884 1.1125758053935213e+33
60400000.0 12638.278629811528 28109.042304214465 1.1116529494157905e+33
60500000.0 12637.571195546177 28100.449371465045 1.1107300934380596e+33
60600000.0 12636.863761280829 28091.856438715626 1.1098072374603288e+33
60700000.0 12636.156327015478 28083.263505966206 1.1088843814825979e+33
60800000.0 12635.448892750128 28074.670573216787 1.1079615255048669e+33
60900000.0 12634.74145848478 28066.077640467367 1.107038669527136e+33
61000000.0 12634.034024219429 28057.484707717947 1.1061158135494052e+33
61100000.0 12633.326589954078 28048.891774968528 1.1051929575716743e+33
61200000.0 12632.61915568873 28040.29884221911 1.1042701015939435e+33
61300000.0 12631.91172142338 28031.70590946969 1.1033472456162125e+33
61400000.0 12631.204287158029 28023.11297672027 1.1024243896384816e+33
61500000.0 12630.496852892678 28014.52004397085 1.1015015336607507e+33
61600000.0 12629.78941862733 28005.927111221434 1.1005786776830199e+33
61700000.0 12629.08198436198 27997.334178472014 1.0996558217052889e+33
61800000.0 12628.374550096629 27988.741245722595 1.098732965727558e+33
61900000.0 12627.66711583128 27980.148312973175 1.0978101097498272e+33
62000000.0 12626.95968156593 27971.555380223755 1.0968872537720963e+33
62100000.0 12626.25224730058 27962.962447474336 1.0959643977943653e+33
62200000.0 12625.54481303523 27954.369514724916 1.0950415418166344e+33
62300000.0 12624.83737876988 27945.776581975497 1.0941186858389036e+33
62400000.0 12624.12994450453 27937.183649226077 1.0931958298611727e+33
62500000.0 12623.42251023918 27928.590716476658 1.0922729738834419e+33
62600000.0 12622.71507597383 27919.997783727238 1.0913501179057109e+33
62700000.0 12622.00764170848 27911.40485097782 1.09042726192798e+33
62800000.0 12621.30020744313 27902.8119182284 1.0895044059502491e+33
62900000.0 12620.592773177781 27894.21898547898 1.0885815499725181e+33
63000000.0 12619.88533891243 27885.62605272956 1.0876586939947874e+33
63100000.0 12619.17790464708 27877.033119980144 1.0867358380170564e+33
63200000.0 12618.470470381732 27868.440187230724 1.0858129820393256e+33
63300000.0 12617.763036116381 27859.847254481305 1.0848901260615947e+33
63400000.0 12617.05560185103 27851.254321731885 1.0839672700838637e+33
63500000.0 12616.348167585682 27842.661388982466 1.0830444141061328e+33
63600000.0 12615.640733320331 27834.068456233046 1.082121558128402e+33
63700000.0 12614.933299054981 27825.475523483627 1.0811987021506711e+33
63800000.0 12614.22586478963 27816.882590734207 1.0802758461729403e+33
63900000.0 12613.518430524282 27808.289657984787 1.0793529901952093e+33
64000000.0 12612.810996258931 27799.696725235368 1.0784301342174784e+33
64100000.0 12612.103561993581 27791.10379248595 1.0775072782397475e+33
64200000.0 12611.396127728232 27782.51085973653 1.0765844222620167e+33
64300000.0 12610.688693462882 27773.91792698711 1.0756615662842857e+33
64400000.0 12609.981259197531 27765.32499423769 1.0747387103065548e+33
64500000.0 12609.273824932183 27756.73206148827 1.073815854328824e+33
64600000.0 12608.566390666832 27748.139128738854 1.0728929983510931e+33
64700000.0 12607.858956401482 27739.54619598943 1.0719701423733621e+33
64800000.0 12607.151522136131 27730.953263240015 1.0710472863956312e+33
64900000.0 12606.444087870783 27722.360330490596 1.0701244304179004e+33
65000000.0 12605.736653605432 27713.767397741176 1.0692015744401695e+33
65100000.0 12605.029219340082 27705.174464991756 1.0682787184624387e+33
65200000.0 12604.321785074733 27696.581532242337 1.0673558624847077e+33
65300000.0 12603.614350809383 27687.988599492917 1.0664330065069768e+33
65400000.0 12602.906916544032 27679.395666743498 1.065510150529246e+33
65500000.0 12602.199482278684 27670.802733994078 1.0645872945515151e+33
65600000.0 12601.492048013333 27662.20980124466 1.0636644385737842e+33
65700000.0 12600.784613747983 27653.61686849524 1.0627415825960532e+33
65800000.0 12600.077179482634 27645.02393574582 1.0618187266183224e+33
65900000.0 12599.369745217284 27636.4310029964 1.0608958706405915e+33
66000000.0 12598.662310951933 27627.83807024698 1.0599730146628607e+33
66100000.0 12597.954876686583 27619.24513749756 1.0590501586851297e+33
66200000.0 12597.247442421234 27610.65220474814 1.0581273027073988e+33
66300000.0 12596.540008155884 27602.059271998725 1.057204446729668e+33
66400000.0 12595.832573890533 27593.466339249302 1.0562815907519371e+33
66500000.0 12595.125139625185 27584.873406499886 1.0553587347742061e+33
66600000.0 12594.417705359834 27576.280473750467 1.0544358787964752e+33
66700000.0 12593.710271094484 27567.687541001047 1.0535130228187444e+33
66800000.0 12593.002836829135 27559.094608251628 1.0525901668410135e+33
66900000.0 12592.295402563785 27550.501675502208 1.0516673108632826e+33
67000000.0 12591.587968298434 27541.90874275279 1.0507444548855516e+33
67100000.0 12590.880534033084 27533.31581000337 1.0498215989078208e+33
67200000.0 12590.173099767735 27524.72287725395 1.0488987429300899e+33
67300000.0 12589.465665502385 27516.12994450453 1.047975886952359e+33
67400000.0 12588.758231237034 27507.53701175511 1.0470530309746282e+33
67500000.0 12588.050796971685 27498.94407900569 1.0461301749968972e+33
67600000.0 12587.343362706335 27490.35114625627 1.0452073190191663e+33
67700000.0 12586.635928440985 27481.75821350685 1.0442844630414355e+33
67800000.0 12585.928494175636 27473.165280757432 1.0433616070637045e+33
67900000.0 12585.221059910285 27464.572348008012 1.0424387510859736e+33
68000000.0 12584.513625644935 27455.979415258596 1.0415158951082428e+33
68100000.0 12583.806191379586 27447.386482509177 1.0405930391305119e+33
68200000.0 12583.098757114236 27438.793549759757 1.039670183152781e+33
68300000.0 12582.391322848885 27430.200617010338 1.03874732717505e+33
68400000.0 12581.683888583535 27421.607684260918 1.0378244711973192e+33
68500000.0 12580.976454318186 27413.0147515115 1.0369016152195883e+33
68600000.0 12580.269020052836 27404.42181876208 1.0359787592418573e+33
68700000.0 12579.561585787485 27395.82888601266 1.0350559032641266e+33
68800000.0 12578.854151522137 27387.23595326324 1.0341330472863956e+33
68900000.0 12578.146717256786 27378.64302051382 1.0332101913086647e+33
69000000.0 12577.439282991436 27370.0500877644 1.0322873353309339e+33
69100000.0 12576.731848726087 27361.45715501498 1.0313644793532029e+33
69200000.0 12576.024414460737 27352.86422226556 1.0304416233754722e+33
69300000.0 12575.316980195386 27344.271289516142 1.0295187673977412e+33
69400000.0 12574.609545930036 27335.678356766723 1.0285959114200103e+33
69500000.0 12573.902111664687 27327.085424017307 1.0276730554422794e+33
69600000.0 12573.194677399337 27318.492491267883 1.0267501994645484e+33
69700000.0 12572.487243133986 27309.899558518468 1.0258273434868176e+33
69800000.0 12571.779808868638 27301.306625769048 1.0249044875090867e+33
69900000.0 12571.072374603287 27292.71369301963 1.0239816315313559e+33
70000000.0 12570.364940337937 27284.12076027021 1.023058775553625e+33
70100000.0 12569.657506072588 27275.52782752079 1.022135919575894e+33
70200000.0 12568.950071807238 27266.93489477137 1.0212130635981632e+33
70300000.0 12568.242637541887 27258.34196202195 1.0202902076204323e+33
70400000.0 12567.535203276537 27249.74902927253 1.0193673516427013e+33
70500000.0 12566.827769011188 27241.15609652311 1.0184444956649704e+33
70600000.0 12566.120334745838 27232.56316377369 1.0175216396872396e+33
70700000.0 12565.412900480487 27223.970231024272 1.0165987837095087e+33
70800000.0 12564.705466215139 27215.377298274852 1.0156759277317779e+33
70900000.0 12563.998031949788 27206.784365525433 1.0147530717540469e+33
71000000.0 12563.290597684438 27198.191432776013 1.013830215776316e+33
71100000.0 12562.583163419089 27189.598500026594 1.0129073597985851e+33
71200000.0 12561.875729153739 27181.005567277178 1.0119845038208543e+33
71300000.0 12561.168294888388 27172.41263452776 1.0110616478431234e+33
71400000.0 12560.46086062304 27163.81970177834 1.0101387918653924e+33
71500000.0 12559.753426357689 27155.22676902892 1.0092159358876616e+33
71600000.0 12559.045992092339 27146.6338362795 1.0082930799099307e+33
71700000.0 12558.338557826988 27138.04090353008 1.0073702239321998e+33
71800000.0 12557.63112356164 27129.44797078066 1.006447367954469e+33
71900000.0 12556.923689296289 27120.85503803124 1.005524511976738e+33
72000000.0 12556.216255030939 27112.26210528182 1.0046016559990071e+33
72100000.0 12555.50882076559 27103.6691725324 1.0036788000212763e+33
72200000.0 12554.80138650024 27095.076239782982 1.0027559440435453e+33
72300000.0 12554.093952234889 27086.483307033563 1.0018330880658144e+33
72400000.0 12553.38651796954 27077.890374284143 1.0009102320880835e+33
72500000.0 12552.67908370419 27069.297441534723 9.999873761103527e+32
72600000.0 12551.97164943884 27060.704508785304 9.990645201326218e+32
72700000.0 12551.264215173489 27052.111576035884 9.981416641548908e+32
72800000.0 12550.55678090814 27043.518643286465 9.9721880817716e+32
72900000.0 12549.84934664279 27034.92571053705 9.962959521994291e+32
73000000.0 12549.14191237744 27026.33277778763 9.953730962216982e+32
73100000.0 12548.43447811209 27017.73984503821 9.944502402439674e+32
73200000.0 12547.72704384674 27009.14691228879 9.935273842662364e+32
73300000.0 12547.01960958139 27000.55397953937 9.926045282885055e+32
73400000.0 12546.312175316041 26991.96104678995 9.916816723107747e+32
73500000.0 12545.60474105069 26983.36811404053 9.907588163330437e+32
73600000.0 12544.89730678534 26974.775181291112 9.89835960355313e+32
73700000.0 12544.18987251999 26966.182248541692 9.88913104377582e+32
73800000.0 12543.482438254641 26957.589315792273 9.879902483998511e+32
73900000.0 12542.77500398929 26948.996383042853 9.870673924221202e+32
74000000.0 12542.06756972394 26940.403450293434 9.861445364443892e+32
74100000.0 12541.360135458592 26931.810517544014 9.852216804666584e+32
74200000.0 12540.652701193241 26923.217584794595 9.842988244889275e+32
74300000.0 12539.94526692789 26914.624652045175 9.833759685111966e+32
74400000.0 12539.237832662542 26906.03171929576 9.824531125334658e+32
74500000.0 12538.530398397192 26897.438786546336 9.815302565557348e+32
74600000.0 12537.822964131841 26888.84585379692 9.80607400578004e+32
74700000.0 12537.115529866493 26880.2529210475 9.79684544600273e+32
74800000.0 12536.408095601142 26871.65998829808 9.78761688622542e+32
74900000.0 12535.700661335792 26863.06705554866 9.778388326448114e+32
75000000.0 12534.993227070441 26854.47412279924 9.769159766670804e+32
75100000.0 12534.285792805093 26845.881190049822 9.759931206893495e+32
75200000.0 12533.578358539742 26837.288257300403 9.750702647116186e+32
75300000.0 12532.870924274392 26828.695324550983 9.741474087338876e+32
75400000.0 12532.163490009043 26820.102391801563 9.732245527561568e+32
75500000.0 12531.456055743693 26811.509459052144 9.723016967784259e+32
75600000.0 12530.748621478342 26802.916526302724 9.71378840800695e+32
75700000.0 12530.041187212993 26794.323593553305 9.704559848229642e+32
75800000.0 12529.333752947643 26785.730660803885 9.695331288452332e+32
75900000.0 12528.626318682293 26777.137728054466 9.686102728675023e+32
76000000.0 12527.918884416942 26768.544795305046 9.676874168897715e+32
76100000.0 12527.211450151593 26759.95186255563 9.667645609120406e+32
76200000.0 12526.504015886243 26751.358929806207 9.658417049343096e+32
76300000.0 12525.796581620893 26742.76599705679 9.649188489565788e+32
76400000.0 12525.089147355544 26734.17306430737 9.639959929788479e+32
76500000.0 12524.381713090193 26725.580131557952 9.63073137001117e+32
76600000.0 12523.674278824843 26716.987198808532 9.62150281023386e+32
76700000.0 12522.966844559494 26708.394266059113 9.612274250456553e+32
76800000.0 12522.259410294144 26699.801333309693 9.603045690679243e+32
76900000.0 12521.551976028793 26691.208400560274 9.593817130901935e+32
77000000.0 12520.844541763445 26682.615467810854 9.584588571124626e+32
77100000.0 12520.137107498094 26674.022535061435 9.575360011347316e+32
77200000.0 12519.429673232744 26665.429602312015 9.566131451570007e+32
77300000.0 12518.722238967393 26656.836669562595 9.556902891792699e+32
77400000.0 12518.014804702045 26648.243736813176 9.547674332015389e+32
77500000.0 12517.307370436694 26639.650804063756 9.538445772238082e+32
77600000.0 12516.599936171344 26631.05787131434 9.529217212460772e+32
77700000.0 12515.892501905995 26622.464938564917 9.519988652683463e+32
77800000.0 12515.185067640645 26613.8720058155 9.510760092906154e+32
77900000.0 12514.477633375294 26605.27907306608 9.501531533128846e+32
78000000.0 12513.770199109946 26596.686140316662 9.492302973351537e+32
78100000.0 12513.062764844595 26588.093207567243 9.483074413574227e+32
78200000.0 12512.355330579245 26579.500274817823 9.473845853796919e+32
78300000.0 12511.647896313894 26570.907342068404 9.46461729401961e+32
78400000.0 12510.940462048546 26562.314409318984 9.4553887342423e+32
78500000.0 12510.233027783195 26553.721476569564 9.446160174464991e+32
78600000.0 12509.525593517845 26545.128543820145 9.436931614687683e+32
78700000.0 12508.818159252496 26536.535611070725 9.427703054910374e+32
78800000.0 12508.110724987146 26527.942678321306 9.418474495133066e+32
78900000.0 12507.403290721795 26519.349745571886 9.409245935355756e+32
79000000.0 12506.695856456447 26510.756812822467 9.400017375578447e+32
79100000.0 12505.988422191096 26502.163880073047 9.390788815801138e+32
79200000.0 12505.280987925746 26493.570947323627 9.38156025602383e+32
79300000.0 12504.573553660395 26484.978014574208 9.37233169624652e+32
79400000.0 12503.866119395047 26476.38508182479 9.363103136469211e+32
79500000.0 12503.158685129696 26467.792149075372 9.353874576691903e+32
79600000.0 12502.451250864346 26459.199216325953 9.344646016914594e+32
79700000.0 12501.743816598997 26450.606283576533 9.335417457137284e+32
79800000.0 12501.036382333647 26442.013350827114 9.326188897359975e+32
79900000.0 12500.328948068296 26433.420418077694 9.316960337582667e+32
80000000.0 12499.621513802947 26424.827485328275 9.307731777805358e+32
80100000.0 12498.914079537597 26416.234552578855 9.29850321802805e+32
80200000.0 12498.206645272247 26407.641619829436 9.28927465825074e+32
80300000.0 12497.499211006898 26399.048687080016 9.280046098473431e+32
80400000.0 12496.791776741547 26390.455754330596 9.270817538696123e+32
80500000.0 12496.084342476197 26381.862821581177 9.261588978918814e+32
80600000.0 12495.376908210847 26373.269888831757 9.252360419141504e+32
80700000.0 12494.669473945498 26364.676956082338 9.243131859364195e+32
80800000.0 12493.962039680147 26356.08402333292 9.233903299586887e+32
80900000.0 12493.254605414797 26347.4910905835 9.224674739809578e+32
81000000.0 12492.547171149448 26338.898157834083 9.215446180032268e+32
81100000.0 12491.839736884098 26330.305225084663 9.206217620254961e+32
81200000.0 12491.132302618747 26321.712292335244 9.196989060477651e+32
81300000.0 12490.424868353399 26313.119359585824 9.187760500700342e+32
81400000.0 12489.717434088048 26304.526426836404 9.178531940923034e+32
81500000.0 12489.009999822698 26295.933494086985 9.169303381145724e+32
81600000.0 12488.302565557347 26287.340561337565 9.160074821368415e+32
81700000.0 12487.595131291999 26278.747628588146 9.150846261591107e+32
81800000.0 12486.887697026648 26270.154695838726 9.141617701813798e+32
81900000.0 12486.180262761298 26261.561763089307 9.13238914203649e+32
82000000.0 12485.47282849595 26252.968830339887 9.12316058225918e+32
82100000.0 12484.765394230599 26244.375897590468 9.113932022481871e+32
82200000.0 12484.057959965248 26235.782964841048 9.104703462704562e+32
82300000.0 12483.3505256999 26227.19003209163 9.095474902927254e+32
82400000.0 12482.64309143455 26218.59709934221 9.086246343149945e+32
82500000.0 12481.935657169199 26210.00416659279 9.077017783372635e+32
82600000.0 12481.22822290385 26201.41123384337 9.067789223595326e+32
82700000.0 12480.5207886385 26192.818301093954 9.058560663818018e+32
82800000.0 12479.81335437315 26184.225368344534 9.049332104040708e+32
82900000.0 12479.105920107799 26175.632435595115 9.040103544263399e+32
83000000.0 12478.39848584245 26167.039502845695 9.03087498448609e+32
83100000.0 12477.6910515771 26158.446570096276 9.02164642470878e+32
83200000.0 12476.98361731175 26149.853637346856 9.012417864931473e+32
83300000.0 12476.2761830464 26141.260704597436 9.003189305154163e+32
83400000.0 12475.56874878105 26132.667771848017 8.993960745376856e+32
83500000.0 12474.8613145157 26124.074839098597 8.984732185599546e+32
83600000.0 12474.153880250351 26115.481906349178 8.975503625822236e+32
83700000.0 12473.446445985 26106.888973599758 8.966275066044929e+32
83800000.0 12472.73901171965 26098.29604085034 8.957046506267619e+32
83900000.0 12472.0315774543 26089.70310810092 8.94781794649031e+32
84000000.0 12471.324143188951 26081.1101753515 8.938589386713002e+32
84100000.0 12470.6167089236 26072.51724260208 8.929360826935692e+32
84200000.0 12469.90927465825 26063.924309852664 8.920132267158385e+32
84300000.0 12469.201840392901 26055.331377103244 8.910903707381075e+32
84400000.0 12468.494406127551 26046.738444353825 8.901675147603765e+32
84500000.0 12467.7869718622 26038.145511604405 8.892446587826458e+32
84600000.0 12467.079537596852 26029.552578854986 8.883218028049147e+32
84700000.0 12466.372103331501 26020.959646105566 8.873989468271839e+32
84800000.0 12465.664669066151 26012.366713356147 8.86476090849453e+32
84900000.0 12464.9572348008 26003.773780606727 8.855532348717222e+32
85000000.0 12464.249800535452 25995.180847857308 8.846303788939913e+32
85100000.0 12463.542366270101 25986.587915107888 8.837075229162603e+32
85200000.0 12462.834932004751 25977.99498235847 8.827846669385295e+32
85300000.0 12462.127497739402 25969.40204960905 8.818618109607986e+32
85400000.0 12461.420063474052 25960.80911685963 8.809389549830676e+32
85500000.0 12460.712629208701 25952.21618411021 8.800160990053369e+32
85600000.0 12460.005194943353 25943.62325136079 8.790932430276059e+32
85700000.0 12459.297760678002 25935.03031861137 8.78170387049875e+32
85800000.0 12458.590326412652 25926.43738586195 8.772475310721442e+32
85900000.0 12457.882892147303 25917.844453112535 8.763246750944132e+32
86000000.0 12457.175457881953 25909.251520363112 8.754018191166823e+32
86100000.0 12456.468023616602 25900.658587613696 8.744789631389514e+32
86200000.0 12455.760589351252 25892.065654864276 8.735561071612206e+32
86300000.0 12455.053155085903 25883.472722114857 8.726332511834897e+32
86400000.0 12454.345720820553 25874.879789365437 8.717103952057587e+32
86500000.0 12453.638286555202 25866.286856616018 8.707875392280279e+32
86600000.0 12452.930852289854 25857.6939238666 8.69864683250297e+32
86700000.0 12452.223418024503 25849.10099111718 8.68941827272566e+32
86800000.0 12451.515983759153 25840.50805836776 8.680189712948353e+32
86900000.0 12450.808549493804 25831.91512561834 8.670961153171043e+32
87000000.0 12450.101115228454 25823.32219286892 8.661732593393734e+32
87100000.0 12449.393680963103 25814.7292601195 8.652504033616426e+32
87200000.0 12448.686246697755 25806.13632737008 8.643275473839116e+32
87300000.0 12447.978812432404 25797.54339462066 8.634046914061807e+32
87400000.0 12447.271378167054 25788.950461871245 8.624818354284498e+32
87500000.0 12446.563943901703 25780.357529121826 8.61558979450719e+32
87600000.0 12445.856509636355 25771.764596372406 8.606361234729881e+32
87700000.0 12445.149075371004 25763.171663622987 8.597132674952571e+32
87800000.0 12444.441641105654 25754.578730873567 8.587904115175264e+32
87900000.0 12443.734206840305 25745.985798124148 8.578675555397954e+32
88000000.0 12443.026772574955 25737.392865374728 8.569446995620644e+32
88100000.0 12442.319338309604 25728.79993262531 8.560218435843337e+32
88200000.0 12441.611904044254 25720.20699987589 8.550989876066027e+32
88300000.0 12440.904469778905 25711.61406712647 8.541761316288718e+32
88400000.0 12440.197035513555 25703.02113437705 8.53253275651141e+32
88500000.0 12439.489601248204 25694.42820162763 8.5233041967341e+32
88600000.0 12438.782166982855 25685.83526887821 8.514075636956793e+32
88700000.0 12438.074732717505 25677.24233612879 8.504847077179482e+32
88800000.0 12437.367298452155 25668.64940337937 8.495618517402172e+32
88900000.0 12436.659864186806 25660.056470629952 8.486389957624865e+32
89000000.0 12435.952429921455 25651.463537880532 8.477161397847555e+32
89100000.0 12435.244995656105 25642.870605131116 8.467932838070248e+32
89200000.0 12434.537561390756 25634.277672381693 8.458704278292938e+32
89300000.0 12433.830127125406 25625.684739632277 8.44947571851563e+32
89400000.0 12433.122692860055 25617.091806882858 8.440247158738321e+32
89500000.0 12432.415258594705 25608.49887413344 8.431018598961011e+32
89600000.0 12431.707824329356 25599.90594138402 8.421790039183702e+32
89700000.0 12431.000390064006 25591.3130086346 8.412561479406394e+32
89800000.0 12430.292955798655 25582.72007588518 8.403332919629084e+32
89900000.0 12429.585521533307 25574.12714313576 8.394104359851777e+32
90000000.0 12428.878087267956 25565.53421038634 8.384875800074467e+32
90100000.0 12428.170653002606 25556.94127763692 8.375647240297158e+32
90200000.0 12427.463218737257 25548.3483448875 8.36641868051985e+32
90300000.0 12426.755784471907 25539.75541213808 8.35719012074254e+32
90400000.0 12426.048350206556 25531.162479388662 8.347961560965231e+32
90500000.0 12425.340915941208 25522.569546639243 8.338733001187922e+32
90600000.0 12424.633481675857 25513.976613889827 8.329504441410614e+32
90700000.0 12423.926047410507 25505.383681140403 8.320275881633305e+32
90800000.0 12423.218613145156 25496.790748390988 8.311047321855995e+32
90900000.0 12422.511178879808 25488.197815641568 8.301818762078686e+32
91000000.0 12421.803744614457 25479.60488289215 8.292590202301378e+32
91100000.0 12421.096310349107 25471.01195014273 8.283361642524068e+32
91200000.0 12420.388876083758 25462.41901739331 8.27413308274676e+32
91300000.0 12419.681441818408 25453.82608464389 8.26490452296945e+32
91400000.0 12418.974007553057 25445.23315189447 8.255675963192142e+32
91500000.0 12418.266573287709 25436.64021914505 8.246447403414833e+32
91600000.0 12417.559139022358 25428.04728639563 8.237218843637523e+32
91700000.0 12416.851704757008 25419.45435364621 8.227990283860215e+32
91800000.0 12416.144270491657 25410.861420896792 8.218761724082906e+32
91900000.0 12415.436836226309 25402.268488147372 8.209533164305598e+32
92000000.0 12414.729401960958 25393.675555397953 8.200304604528289e+32
92100000.0 12414.021967695608 25385.082622648533 8.191076044750979e+32
92200000.0 12413.314533430259 25376.489689899114 8.181847484973672e+32
92300000.0 12412.607099164909 25367.896757149694 8.172618925196362e+32
92400000.0 12411.899664899558 25359.303824400275 8.163390365419052e+32
92500000.0 12411.19223063421 25350.71089165086 8.154161805641745e+32
92600000.0 12410.484796368859 25342.11795890144 8.144933245864435e+32
92700000.0 12409.777362103508 25333.52502615202 8.135704686087126e+32
92800000.0 12409.069927838158 25324.9320934026 8.126476126309817e+32
92900000.0 12408.36249357281 25316.33916065318 8.117247566532509e+32
93000000.0 12407.655059307459 25307.74622790376 8.1080190067552e+32
93100000.0 12406.947625042108 25299.15329515434 8.09879044697789e+32
93200000.0 12406.24019077676 25290.56036240492 8.089561887200582e+32
93300000.0 12405.53275651141 25281.967429655502 8.080333327423273e+32
93400000.0 12404.825322246059 25273.374496906083 8.071104767645963e+32
93500000.0 12404.11788798071 25264.781564156663 8.061876207868656e+32
93600000.0 12403.41045371536 25256.188631407244 8.052647648091346e+32
93700000.0 12402.70301945001 25247.595698657824 8.043419088314037e+32
93800000.0 12401.99558518466 25239.002765908408 8.034190528536729e+32
93900000.0 12401.28815091931 25230.409833158985 8.024961968759419e+32
94000000.0 12400.58071665396 25221.81690040957 8.01573340898211e+32
94100000.0 12399.87328238861 25213.22396766015 8.006504849204802e+32
94200000.0 12399.16584812326 25204.63103491073 7.997276289427491e+32
94300000.0 12398.45841385791 25196.03810216131 7.988047729650184e+32
94400000.0 12397.75097959256 25187.44516941189 7.978819169872874e+32
94500000.0 12397.043545327211 25178.85223666247 7.969590610095566e+32
94600000.0 12396.33611106186 25170.25930391305 7.960362050318257e+32
94700000.0 12395.62867679651 25161.666371163632 7.951133490540947e+32
94800000.0 12394.921242531162 25153.073438414212 7.94190493076364e+32
94900000.0 12394.213808265811 25144.480505664793 7.93267637098633e+32
95000000.0 12393.50637400046 25135.887572915373 7.923447811209021e+32
95100000.0 12392.79893973511 25127.294640165954 7.914219251431713e+32
95200000.0 12392.091505469762 25118.701707416534 7.904990691654403e+32
95300000.0 12391.384071204411 25110.108774667115 7.895762131877094e+32
95400000.0 12390.67663693906 25101.515841917695 7.886533572099786e+32
95500000.0 12389.969202673712 25092.92290916828 7.877305012322476e+32
95600000.0 12389.261768408362 25084.329976418856 7.868076452545168e+32
95700000.0 12388.554334143011 25075.73704366944 7.858847892767858e+32
95800000.0 12387.846899877663 25067.144110920017 7.84961933299055e+32
95900000.0 12387.139465612312 25058.5511781706 7.840390773213241e+32
96000000.0 12386.432031346962 25049.95824542118 7.831162213435931e+32
96100000.0 12385.724597081611 25041.36531267176 7.821933653658623e+32
96200000.0 12385.017162816262 25032.772379922342 7.812705093881314e+32
96300000.0 12384.309728550912 25024.179447172923 7.803476534104005e+32
96400000.0 12383.602294285562 25015.586514423503 7.794247974326697e+32
96500000.0 12382.894860020213 25006.993581674084 7.785019414549387e+32
96600000.0 12382.187425754862 24998.400648924664 7.775790854772078e+32
96700000.0 12381.479991489512 24989.807716175244 7.76656229499477e+32
96800000.0 12380.772557224163 24981.214783425825 7.75733373521746e+32
96900000.0 12380.065122958813 24972.621850676405 7.748105175440152e+32
97000000.0 12379.357688693462 24964.02891792699 7.738876615662842e+32
97100000.0 12378.650254428114 24955.435985177566 7.729648055885534e+32
97200000.0 12377.942820162763 24946.84305242815 7.720419496108225e+32
97300000.0 12377.235385897413 24938.250119678727 7.711190936330915e+32
97400000.0 12376.527951632062 24929.65718692931 7.701962376553607e+32
97500000.0 12375.820517366714 24921.06425417989 7.692733816776298e+32
97600000.0 12375.113083101363 24912.471321430472 7.68350525699899e+32
97700000.0 12374.405648836013 24903.878388681052 7.674276697221681e+32
97800000.0 12373.698214570664 24895.285455931633 7.665048137444371e+32
97900000.0 12372.990780305314 24886.692523182213 7.655819577667064e+32
98000000.0 12372.283346039963 24878.099590432794 7.646591017889754e+32
98100000.0 12371.575911774615 24869.506657683374 7.637362458112444e+32
98200000.0 12370.868477509264 24860.913724933955 7.628133898335136e+32
98300000.0 12370.161043243914 24852.320792184535 7.618905338557826e+32
98400000.0 12369.453608978563 24843.727859435116 7.609676778780518e+32
98500000.0 12368.746174713215 24835.134926685696 7.60044821900321e+32
98600000.0 12368.038740447864 24826.541993936276 7.5912196592259e+32
98700000.0 12367.331306182514 24817.94906118686 7.581991099448592e+32
98800000.0 12366.623871917165 24809.356128437437 7.572762539671282e+32
98900000.0 12365.916437651815 24800.76319568802 7.563533979893974e+32
99000000.0 12365.209003386464 24792.170262938598 7.554305420116665e+32
99100000.0 12364.501569121116 24783.577330189182 7.545076860339355e+32
99200000.0 12363.794134855765 24774.984397439763 7.535848300562048e+32
99300000.0 12363.086700590415 24766.391464690343 7.526619740784738e+32
99400000.0 12362.379266325064 24757.798531940924 7.517391181007429e+32
99500000.0 12361.671832059716 24749.205599191504 7.50816262123012e+32
99600000.0 12360.964397794365 24740.612666442084 7.49893406145281e+32
99700000.0 12360.256963529015 24732.019733692665 7.489705501675502e+32
99800000.0 12359.549529263666 24723.426800943245 7.480476941898193e+32
99900000.0 12358.842094998316 24714.833868193826 7.471248382120883e+32
100000000.0 12358.134660732965 24706.240935444406 7.462019822343576e+32
