10000	22685.01598	98103.11606	3.65E+35
20000	21874.11151	97134.70084	3.50E+35
30000	21712.56822	96898.4897	3.45E+35
40000	21551.02492	96662.27856	3.41E+35
50000	21389.48163	96426.06742	3.36E+35
60000	21227.93834	96189.85628	3.32E+35
70000	21066.39504	95953.64514	3.27E+35
80000	20904.85175	95717.434	3.23E+35
90000	20743.30846	95481.22286	3.18E+35
100000	20581.76516	95245.01172	3.14E+35
110000	20420.22187	95008.80058	3.09E+35
120000	20258.67858	94772.58944	3.05E+35
130000	20097.13528	94536.3783	3.00E+35
140000	19935.59199	94300.16716	2.95E+35
150000	19774.0487	94063.95602	2.91E+35
160000	19612.5054	93827.74488	2.86E+35
170000	19450.96211	93591.53374	2.82E+35
180000	19289.41882	93355.3226	2.77E+35
190000	19127.87552	93119.11146	2.73E+35
200000	18966.33223	92882.90032	2.68E+35
210000	18804.78893	92646.68918	2.64E+35
220000	18643.24564	92410.47804	2.59E+35
230000	18481.70235	92174.2669	2.55E+35
240000	18320.15905	91938.05576	2.50E+35
250000	18158.61576	91701.84462	2.45E+35
260000	17997.07247	91465.63348	2.41E+35
270000	17835.52917	91229.42234	2.36E+35
280000	17742.70947	91146.09301	2.34E+35
290000	17680.2772	91130.36329	2.33E+35
300000	17617.84493	91114.63357	2.32E+35
310000	17555.41266	91098.90384	2.31E+35
320000	17492.9804	91083.17412	2.30E+35
330000	17430.54813	91067.4444	2.28E+35
340000	17368.11586	91051.71468	2.27E+35
350000	17305.68359	91035.98495	2.26E+35
360000	17243.25133	91020.25523	2.25E+35
370000	17180.81906	91004.52551	2.24E+35
380000	17118.38679	90988.79579	2.23E+35
390000	17055.95452	90973.06606	2.21E+35
400000	16993.52226	90957.33634	2.20E+35
410000	16931.08999	90941.60662	2.19E+35
420000	16868.65772	90925.8769	2.18E+35
430000	16806.22545	90910.14718	2.17E+35
440000	16743.79319	90894.41745	2.16E+35
450000	16681.36092	90878.68773	2.15E+35
460000	16618.92865	90862.95801	2.13E+35
470000	16556.49638	90847.22829	2.12E+35
480000	16494.06412	90831.49856	2.11E+35
490000	16431.63185	90815.76884	2.10E+35
500000	16369.19958	90800.03912	2.09E+35
510000	16306.76731	90784.3094	2.08E+35
520000	16244.33505	90768.57967	2.06E+35
530000	16181.90278	90752.84995	2.05E+35
540000	16119.47051	90737.12023	2.04E+35
550000	16057.03824	90721.39051	2.03E+35
560000	15994.60598	90705.66079	2.02E+35
570000	15932.17371	90689.93106	2.01E+35
580000	15869.74144	90674.20134	1.99E+35
590000	15807.30917	90658.47162	1.98E+35
600000	15744.87691	90642.7419	1.97E+35
610000	15682.44464	90627.01217	1.96E+35
620000	15620.01237	90611.28245	1.95E+35
630000	15557.5801	90595.55273	1.94E+35
640000	15495.14784	90579.82301	1.93E+35
650000	15432.71557	90564.09328	1.91E+35
660000	15370.2833	90548.36356	1.90E+35
670000	15307.85103	90532.63384	1.89E+35
680000	15245.41877	90516.90412	1.88E+35
690000	15182.9865	90501.17439	1.87E+35
700000	15120.55423	90485.44467	1.86E+35
710000	15058.12196	90469.71495	1.84E+35
720000	14995.6897	90453.98523	1.83E+35
730000	14933.25743	90438.25551	1.82E+35
740000	14870.82516	90422.52578	1.81E+35
750000	14808.39289	90406.79606	1.80E+35
760000	14745.96063	90391.06634	1.79E+35
770000	14683.52836	90375.33662	1.77E+35
780000	14621.09609	90359.60689	1.76E+35
790000	14558.66382	90343.87717	1.75E+35
800000	14496.23156	90328.14745	1.74E+35
810000	14433.79929	90312.41773	1.73E+35
820000	14371.36702	90296.688	1.72E+35
830000	14308.93475	90280.95828	1.71E+35
840000	14246.50249	90265.22856	1.69E+35
850000	14184.07022	90249.49884	1.68E+35
860000	14121.63795	90233.76912	1.67E+35
870000	14059.20568	90218.03939	1.66E+35
880000	13996.77342	90202.30967	1.65E+35
890000	13934.34115	90186.57995	1.64E+35
900000	13871.90888	90170.85023	1.62E+35
910000	13809.47661	90155.1205	1.61E+35
920000	13747.04435	90139.39078	1.60E+35
930000	13684.61208	90123.66106	1.59E+35
940000	13622.17981	90107.93134	1.58E+35
950000	13559.74754	90092.20161	1.57E+35
960000	13497.31528	90076.47189	1.55E+35
970000	13434.88301	90060.74217	1.54E+35
980000	13372.45074	90045.01245	1.53E+35
990000	13310.01847	90029.28272	1.52E+35
1000000	13247.58621	90013.553	1.51E+35
1100000	12976.579	89477.14335	1.44E+35
1200000	12882.83971	88750.52276	1.39E+35
1300000	12789.10041	88023.90217	1.35E+35
1400000	12695.36112	87297.28158	1.30E+35
1500000	12601.62182	86570.66099	1.26E+35
1600000	12507.88253	85844.0404	1.21E+35
1700000	12414.14323	85117.41981	1.17E+35
1800000	12320.40394	84390.79922	1.12E+35
1900000	12226.66464	83664.17863	1.08E+35
2000000	12132.92535	82937.55804	1.03E+35
2100000	12039.18605	82210.93745	9.86E+34
2200000	11945.44676	81484.31686	9.40E+34
2300000	11851.70746	80757.69627	8.95E+34
2400000	11757.96817	80031.07568	8.49E+34
2500000	11664.22887	79304.4551	8.04E+34
2600000	11570.48958	78577.83451	7.58E+34
2700000	11476.75028	77851.21392	7.13E+34
2800000	11383.01099	77124.59333	6.68E+34
2900000	11289.27169	76397.97274	6.22E+34
3000000	11195.5324	75671.35215	5.77E+34
3100000	11101.7931	74944.73156	5.31E+34
3200000	11008.05381	74218.11097	4.86E+34
3300000	10914.31451	73491.49038	4.41E+34
3400000	10820.57522	72764.86979	3.95E+34
3500000	10726.83592	72038.2492	3.50E+34
3600000	10704.35254	71674.51667	3.40E+34
3700000	10694.20771	71373.62117	3.37E+34
3800000	10684.06288	71072.72566	3.33E+34
3900000	10673.91805	70771.83016	3.30E+34
4000000	10663.77321	70470.93465	3.26E+34
4100000	10653.62838	70170.03915	3.23E+34
4200000	10643.48355	69869.14364	3.20E+34
4300000	10633.33872	69568.24814	3.16E+34
4400000	10623.19389	69267.35263	3.13E+34
4500000	10613.04905	68966.45713	3.09E+34
4600000	10602.90422	68665.56162	3.06E+34
4700000	10592.75939	68364.66612	3.03E+34
4800000	10582.61456	68063.77061	2.99E+34
4900000	10572.46972	67762.87511	2.96E+34
5000000	10562.32489	67461.9796	2.92E+34
5100000	10552.18006	67161.0841	2.89E+34
5200000	10542.03523	66860.18859	2.85E+34
5300000	10531.89039	66559.29309	2.82E+34
5400000	10521.74556	66258.39758	2.79E+34
5500000	10511.60073	65957.50208	2.75E+34
5600000	10501.4559	65656.60658	2.72E+34
5700000	10491.31106	65355.71107	2.68E+34
5800000	10481.16623	65054.81557	2.65E+34
5900000	10471.0214	64753.92006	2.62E+34
6000000	10460.87657	64453.02456	2.58E+34
6100000	10450.73173	64152.12905	2.55E+34
6200000	10440.5869	63851.23355	2.51E+34
6300000	10430.44207	63550.33804	2.48E+34
6400000	10420.29724	63249.44254	2.44E+34
6500000	10410.1524	62948.54703	2.41E+34
6600000	10400.00757	62647.65153	2.38E+34
6700000	10389.86274	62346.75602	2.34E+34
6800000	10379.71791	62045.86052	2.31E+34
6900000	10369.57307	61744.96501	2.27E+34
7000000	10359.42824	61444.06951	2.24E+34
7100000	10349.28341	61143.174	2.21E+34
7200000	10339.13858	60842.2785	2.17E+34
7300000	10328.99374	60541.38299	2.14E+34
7400000	10318.84891	60240.48749	2.10E+34
7500000	10308.70408	59939.59198	2.07E+34
7600000	10298.55925	59638.69648	2.03E+34
7700000	10288.41441	59337.80097	2.00E+34
7800000	10278.26958	59036.90547	1.97E+34
7900000	10268.12475	58736.00996	1.93E+34
8000000	10257.97992	58435.11446	1.90E+34
8100000	10247.83508	58134.21895	1.86E+34
8200000	10237.69025	57833.32345	1.83E+34
8300000	10227.54542	57532.42794	1.80E+34
8400000	10217.40059	57231.53244	1.76E+34
8500000	10207.25575	56930.63693	1.73E+34
8600000	10197.11092	56629.74143	1.69E+34
8700000	10186.96609	56328.84593	1.66E+34
8800000	10176.82126	56027.95042	1.62E+34
8900000	10166.67642	55727.05492	1.59E+34
9000000	10156.53159	55426.15941	1.56E+34
9100000	10146.38676	55125.26391	1.52E+34
9200000	10136.24193	54824.3684	1.49E+34
9300000	10126.09709	54523.4729	1.45E+34
9400000	10115.95226	54222.57739	1.42E+34
9500000	10105.80743	53921.68189	1.39E+34
9600000	10095.6626	53620.78638	1.35E+34
9700000	10085.51776	53319.89088	1.32E+34
9800000	10075.37293	53018.99537	1.28E+34
9900000	10065.2281	52718.09987	1.25E+34
10000000	10055.08327	52417.20436	1.21E+34
10100000	10044.93843	52116.30886	1.18E+34
10200000	10034.7936	51815.41335	1.15E+34
10300000	10024.64877	51514.51785	1.11E+34
10400000	10014.50394	51213.62234	1.08E+34
10500000	10004.3591	50912.72684	1.04E+34
10600000	9994.214272	50611.83133	1.01E+34
10700000	9984.06944	50310.93583	9.76E+33
10800000	9973.924607	50010.04032	9.42E+33
10900000	9963.779775	49709.14482	9.08E+33
11000000	9953.634942	49408.24931	8.73E+33
11100000	9943.49011	49107.35381	8.39E+33
11200000	9933.345277	48806.4583	8.05E+33
11300000	9923.200445	48505.5628	7.71E+33
11400000	9913.055612	48204.66729	7.37E+33
11500000	9902.91078	47903.77179	7.03E+33
11600000	9892.765947	47602.87629	6.68E+33
11700000	9882.621115	47301.98078	6.34E+33
11800000	9872.476282	47001.08528	6.00E+33
11900000	9862.33145	46700.18977	5.66E+33
12000000	9852.186617	46399.29427	5.32E+33
12100000	9842.041785	46098.39876	4.98E+33
12200000	9831.896952	45797.50326	4.64E+33
12300000	9821.75212	45496.60775	4.29E+33
12400000	9815.544426	45306.74208	4.10E+33
12500000	9814.492291	45262.2665	4.09E+33
12600000	9813.440156	45217.79092	4.08E+33
12700000	9812.388021	45173.31535	4.07E+33
12800000	9811.335886	45128.83977	4.06E+33
12900000	9810.283751	45084.36419	4.05E+33
13000000	9809.231616	45039.88862	4.04E+33
13100000	9808.179481	44995.41304	4.03E+33
13200000	9807.127346	44950.93746	4.02E+33
13300000	9806.07521	44906.46189	4.01E+33
13400000	9805.023075	44861.98631	4.00E+33
13500000	9803.97094	44817.51073	3.99E+33
13600000	9802.918805	44773.03516	3.98E+33
13700000	9801.86667	44728.55958	3.97E+33
13800000	9800.814535	44684.084	3.96E+33
13900000	9799.7624	44639.60843	3.95E+33
14000000	9798.710265	44595.13285	3.94E+33
14100000	9797.65813	44550.65728	3.93E+33
14200000	9796.605995	44506.1817	3.92E+33
14300000	9795.55386	44461.70612	3.91E+33
14400000	9794.501725	44417.23055	3.90E+33
14500000	9793.44959	44372.75497	3.89E+33
14600000	9792.397455	44328.27939	3.88E+33
14700000	9791.34532	44283.80382	3.87E+33
14800000	9790.293185	44239.32824	3.86E+33
14900000	9789.24105	44194.85266	3.85E+33
15000000	9788.188915	44150.37709	3.84E+33
15100000	9787.13678	44105.90151	3.83E+33
15200000	9786.084645	44061.42593	3.82E+33
15300000	9785.03251	44016.95036	3.81E+33
15400000	9783.980375	43972.47478	3.80E+33
15500000	9782.92824	43927.99921	3.79E+33
15600000	9781.876105	43883.52363	3.78E+33
15700000	9780.82397	43839.04805	3.77E+33
15800000	9779.771835	43794.57248	3.76E+33
15900000	9778.7197	43750.0969	3.75E+33
16000000	9777.667565	43705.62132	3.74E+33
16100000	9776.61543	43661.14575	3.73E+33
16200000	9775.563295	43616.67017	3.72E+33
16300000	9774.51116	43572.19459	3.71E+33
16400000	9773.459025	43527.71902	3.70E+33
16500000	9772.40689	43483.24344	3.69E+33
16600000	9771.354755	43438.76786	3.68E+33
16700000	9770.30262	43394.29229	3.67E+33
16800000	9769.250485	43349.81671	3.66E+33
16900000	9768.19835	43305.34113	3.65E+33
17000000	9767.146215	43260.86556	3.64E+33
17100000	9766.09408	43216.38998	3.63E+33
17200000	9765.041945	43171.91441	3.62E+33
17300000	9763.98981	43127.43883	3.61E+33
17400000	9762.937675	43082.96325	3.60E+33
17500000	9761.88554	43038.48768	3.59E+33
17600000	9760.833405	42994.0121	3.58E+33
17700000	9759.78127	42949.53652	3.57E+33
17800000	9758.729135	42905.06095	3.56E+33
17900000	9757.677	42860.58537	3.55E+33
18000000	9756.624865	42816.10979	3.54E+33
18100000	9755.57273	42771.63422	3.53E+33
18200000	9754.520595	42727.15864	3.52E+33
18300000	9753.46846	42682.68306	3.51E+33
18400000	9752.416325	42638.20749	3.50E+33
18500000	9751.36419	42593.73191	3.49E+33
18600000	9750.312055	42549.25633	3.48E+33
18700000	9749.25992	42504.78076	3.47E+33
18800000	9748.207785	42460.30518	3.46E+33
18900000	9747.15565	42415.82961	3.45E+33
19000000	9746.103515	42371.35403	3.44E+33
19100000	9745.05138	42326.87845	3.43E+33
19200000	9743.999245	42282.40288	3.42E+33
19300000	9742.94711	42237.9273	3.41E+33
19400000	9741.894975	42193.45172	3.40E+33
19500000	9740.84284	42148.97615	3.39E+33
19600000	9739.790705	42104.50057	3.38E+33
19700000	9738.73857	42060.02499	3.37E+33
19800000	9737.686435	42015.54942	3.36E+33
19900000	9736.6343	41971.07384	3.35E+33
20000000	9735.582165	41926.59826	3.34E+33
20100000	9734.53003	41882.12269	3.33E+33
20200000	9733.477895	41837.64711	3.32E+33
20300000	9732.42576	41793.17154	3.31E+33
20400000	9731.373625	41748.69596	3.30E+33
20500000	9730.32149	41704.22038	3.29E+33
20600000	9729.269355	41659.74481	3.28E+33
20700000	9728.21722	41615.26923	3.27E+33
20800000	9727.165085	41570.79365	3.26E+33
20900000	9726.11295	41526.31808	3.25E+33
21000000	9725.060815	41481.8425	3.24E+33
21100000	9724.00868	41437.36692	3.23E+33
21200000	9722.956545	41392.89135	3.22E+33
21300000	9721.90441	41348.41577	3.21E+33
21400000	9720.852275	41303.94019	3.20E+33
21500000	9719.80014	41259.46462	3.19E+33
21600000	9718.748005	41214.98904	3.18E+33
21700000	9717.69587	41170.51346	3.17E+33
21800000	9716.643735	41126.03789	3.16E+33
21900000	9715.5916	41081.56231	3.15E+33
22000000	9714.539465	41037.08674	3.14E+33
22100000	9713.48733	40992.61116	3.13E+33
22200000	9712.435195	40948.13558	3.12E+33
22300000	9711.38306	40903.66001	3.11E+33
22400000	9710.330925	40859.18443	3.10E+33
22500000	9709.27879	40814.70885	3.09E+33
22600000	9708.226655	40770.23328	3.08E+33
22700000	9707.17452	40725.7577	3.07E+33
22800000	9706.122385	40681.28212	3.06E+33
22900000	9705.07025	40636.80655	3.05E+33
23000000	9704.018115	40592.33097	3.04E+33
23100000	9702.96598	40547.85539	3.03E+33
23200000	9701.913845	40503.37982	3.02E+33
23300000	9700.86171	40458.90424	3.01E+33
23400000	9699.809575	40414.42866	3.00E+33
23500000	9698.75744	40369.95309	2.99E+33
23600000	9697.705305	40325.47751	2.98E+33
23700000	9696.65317	40281.00194	2.97E+33
23800000	9695.601035	40236.52636	2.96E+33
23900000	9694.5489	40192.05078	2.95E+33
24000000	9693.496765	40147.57521	2.94E+33
24100000	9692.44463	40103.09963	2.93E+33
24200000	9691.392495	40058.62405	2.92E+33
24300000	9690.34036	40014.14848	2.91E+33
24400000	9689.288225	39969.6729	2.90E+33
24500000	9688.23609	39925.19732	2.89E+33
24600000	9687.183955	39880.72175	2.88E+33
24700000	9686.13182	39836.24617	2.87E+33
24800000	9685.079685	39791.77059	2.86E+33
24900000	9684.02755	39747.29502	2.85E+33
25000000	9682.975415	39702.81944	2.84E+33
25100000	9681.92328	39658.34387	2.83E+33
25200000	9680.871145	39613.86829	2.82E+33
25300000	9679.81901	39569.39271	2.81E+33
25400000	9678.766875	39524.91714	2.80E+33
25500000	9677.71474	39480.44156	2.79E+33
25600000	9676.662605	39435.96598	2.78E+33
25700000	9675.61047	39391.49041	2.77E+33
25800000	9674.558335	39347.01483	2.76E+33
25900000	9673.5062	39302.53925	2.75E+33
26000000	9672.454065	39258.06368	2.74E+33
26100000	9671.40193	39213.5881	2.73E+33
26200000	9670.349795	39169.11252	2.72E+33
26300000	9669.29766	39124.63695	2.71E+33
26400000	9668.245525	39080.16137	2.70E+33
26500000	9667.19339	39035.68579	2.69E+33
26600000	9666.141255	38991.21022	2.68E+33
26700000	9665.08912	38946.73464	2.67E+33
26800000	9664.036985	38902.25907	2.66E+33
26900000	9662.98485	38857.78349	2.65E+33
27000000	9661.932715	38813.30791	2.64E+33
27100000	9660.88058	38768.83234	2.63E+33
27200000	9659.828445	38724.35676	2.62E+33
27300000	9658.77631	38679.88118	2.61E+33
27400000	9657.724175	38635.40561	2.60E+33
27500000	9656.67204	38590.93003	2.59E+33
27600000	9655.619905	38546.45445	2.58E+33
27700000	9654.56777	38501.97888	2.57E+33
27800000	9653.515635	38457.5033	2.56E+33
27900000	9652.4635	38413.02772	2.55E+33
28000000	9651.411365	38368.55215	2.54E+33
28100000	9650.35923	38324.07657	2.53E+33
28200000	9649.307095	38279.60099	2.52E+33
28300000	9648.25496	38235.12542	2.51E+33
28400000	9647.202825	38190.64984	2.50E+33
28500000	9646.15069	38146.17427	2.49E+33
28600000	9645.098555	38101.69869	2.48E+33
28700000	9644.04642	38057.22311	2.47E+33
28800000	9642.994285	38012.74754	2.46E+33
28900000	9641.94215	37968.27196	2.45E+33
29000000	9640.890015	37923.79638	2.44E+33
29100000	9639.83788	37879.32081	2.43E+33
29200000	9638.785745	37834.84523	2.42E+33
29300000	9637.73361	37790.36965	2.41E+33
29400000	9636.681475	37745.89408	2.40E+33
29500000	9635.62934	37701.4185	2.39E+33
29600000	9634.577205	37656.94292	2.38E+33
29700000	9633.52507	37612.46735	2.37E+33
29800000	9632.472935	37567.99177	2.35E+33
29900000	9631.4208	37523.5162	2.34E+33
30000000	9630.368665	37479.04062	2.33E+33
30100000	9629.31653	37434.56504	2.32E+33
30200000	9628.264395	37390.08947	2.31E+33
30300000	9627.21226	37345.61389	2.30E+33
30400000	9626.160125	37301.13831	2.29E+33
30500000	9625.10799	37256.66274	2.28E+33
30600000	9624.055855	37212.18716	2.27E+33
30700000	9623.00372	37167.71158	2.26E+33
30800000	9621.951585	37123.23601	2.25E+33
30900000	9620.89945	37078.76043	2.24E+33
31000000	9619.847315	37034.28485	2.23E+33
31100000	9618.79518	36989.80928	2.22E+33
31200000	9617.743045	36945.3337	2.21E+33
31300000	9616.69091	36900.85812	2.20E+33
31400000	9615.638775	36856.38255	2.19E+33
31500000	9614.58664	36811.90697	2.18E+33
31600000	9613.534505	36767.4314	2.17E+33
31700000	9612.48237	36722.95582	2.16E+33
31800000	9611.430235	36678.48024	2.15E+33
31900000	9610.3781	36634.00467	2.14E+33
32000000	9609.325965	36589.52909	2.13E+33
32100000	9608.27383	36545.05351	2.12E+33
32200000	9607.221695	36500.57794	2.11E+33
32300000	9606.16956	36456.10236	2.10E+33
32400000	9605.117425	36411.62678	2.09E+33
32500000	9604.06529	36367.15121	2.08E+33
32600000	9603.013155	36322.67563	2.07E+33
32700000	9601.96102	36278.20005	2.06E+33
32800000	9600.908885	36233.72448	2.05E+33
32900000	9599.85675	36189.2489	2.04E+33
33000000	9598.804615	36144.77332	2.03E+33
33100000	9597.75248	36100.29775	2.02E+33
33200000	9596.700345	36055.82217	2.01E+33
33300000	9595.64821	36011.3466	2.00E+33
33400000	9594.596075	35966.87102	1.99E+33
33500000	9593.54394	35922.39544	1.98E+33
33600000	9592.491804	35877.91987	1.97E+33
33700000	9591.439669	35833.44429	1.96E+33
33800000	9590.387534	35788.96871	1.95E+33
33900000	9589.335399	35744.49314	1.94E+33
34000000	9588.283264	35700.01756	1.93E+33
34100000	9587.231129	35655.54198	1.92E+33
34200000	9586.178994	35611.06641	1.91E+33
34300000	9585.126859	35566.59083	1.90E+33
34400000	9584.074724	35522.11525	1.89E+33
34500000	9583.022589	35477.63968	1.88E+33
34600000	9581.970454	35433.1641	1.87E+33
34700000	9580.918319	35388.68853	1.86E+33
34800000	9579.866184	35344.21295	1.85E+33
34900000	9578.814049	35299.73737	1.84E+33
35000000	9577.761914	35255.2618	1.83E+33
35100000	9576.709779	35210.78622	1.82E+33
35200000	9575.657644	35166.31064	1.81E+33
35300000	9574.605509	35121.83507	1.80E+33
35400000	9573.553374	35077.35949	1.79E+33
35500000	9572.501239	35032.88391	1.78E+33
35600000	9571.449104	34988.40834	1.77E+33
35700000	9570.396969	34943.93276	1.76E+33
35800000	9569.344834	34899.45718	1.75E+33
35900000	9568.292699	34854.98161	1.74E+33
36000000	9567.240564	34810.50603	1.73E+33
36100000	9566.188429	34766.03045	1.72E+33
36200000	9565.136294	34721.55488	1.71E+33
36300000	9564.084159	34677.0793	1.70E+33
36400000	9563.032024	34632.60373	1.69E+33
36500000	9561.979889	34588.12815	1.68E+33
36600000	9560.927754	34543.65257	1.67E+33
36700000	9559.875619	34499.177	1.66E+33
36800000	9558.823484	34454.70142	1.65E+33
36900000	9557.771349	34410.22584	1.64E+33
37000000	9556.719214	34365.75027	1.63E+33
37100000	9555.667079	34321.27469	1.62E+33
37200000	9554.614944	34276.79911	1.61E+33
37300000	9553.562809	34232.32354	1.60E+33
37400000	9552.510674	34187.84796	1.59E+33
37500000	9551.458539	34143.37238	1.58E+33
37600000	9550.406404	34098.89681	1.57E+33
37700000	9549.354269	34054.42123	1.56E+33
37800000	9548.302134	34009.94565	1.55E+33
37900000	9547.249999	33965.47008	1.54E+33
38000000	9546.197864	33920.9945	1.53E+33
38100000	9545.145729	33876.51893	1.52E+33
38200000	9544.093594	33832.04335	1.51E+33
38300000	9543.041459	33787.56777	1.50E+33
38400000	9541.989324	33743.0922	1.49E+33
38500000	9540.937189	33698.61662	1.48E+33
38600000	9539.885054	33654.14104	1.47E+33
38700000	9538.832919	33609.66547	1.46E+33
38800000	9537.780784	33565.18989	1.45E+33
38900000	9536.728649	33520.71431	1.44E+33
39000000	9535.676514	33476.23874	1.43E+33
39100000	9534.624379	33431.76316	1.42E+33
39200000	9533.572244	33387.28758	1.41E+33
39300000	9532.520109	33342.81201	1.40E+33
39400000	9531.467974	33298.33643	1.39E+33
39500000	9530.415839	33253.86086	1.38E+33
39600000	9529.363704	33209.38528	1.37E+33
39700000	9528.311569	33164.9097	1.36E+33
39800000	9527.259434	33120.43413	1.35E+33
39900000	9526.207299	33075.95855	1.34E+33
40000000	9525.155164	33031.48297	1.33E+33
40100000	9524.103029	32987.0074	1.32E+33
40200000	9523.050894	32942.53182	1.31E+33
40300000	9521.998759	32898.05624	1.30E+33
40400000	9520.946624	32853.58067	1.29E+33
40500000	9519.894489	32809.10509	1.28E+33
40600000	9518.842354	32764.62951	1.27E+33
40700000	9517.790219	32720.15394	1.26E+33
40800000	9516.738084	32675.67836	1.25E+33
40900000	9515.685949	32631.20278	1.24E+33
41000000	9514.633814	32586.72721	1.23E+33
41100000	9513.581679	32542.25163	1.22E+33
41200000	9512.529544	32497.77606	1.21E+33
41300000	9511.477409	32453.30048	1.20E+33
41400000	9510.425274	32408.8249	1.19E+33
41500000	9509.373139	32364.34933	1.18E+33
41600000	9508.321004	32319.87375	1.17E+33
41700000	9507.268869	32275.39817	1.16E+33
41800000	9506.216734	32230.9226	1.15E+33
41900000	9505.164599	32186.44702	1.14E+33
42000000	9504.112464	32141.97144	1.13E+33
42100000	9503.060329	32097.49587	1.12E+33
42200000	9502.008194	32053.02029	1.11E+33
42300000	9500.956059	32008.54471	1.10E+33
42400000	9499.903924	31964.06914	1.09E+33
42500000	9498.851789	31919.59356	1.08E+33
42600000	9497.799654	31875.11798	1.07E+33
42700000	9496.747519	31830.64241	1.06E+33
42800000	9495.695384	31786.16683	1.05E+33
42900000	9494.643249	31741.69126	1.04E+33
43000000	9493.591114	31697.21568	1.03E+33
43100000	9492.538979	31652.7401	1.02E+33
43200000	9491.486844	31608.26453	1.01E+33
43300000	9490.434709	31563.78895	1.00E+33
43400000	9489.382574	31519.31337	9.94E+32
43500000	9488.330439	31474.8378	9.84E+32
43600000	9487.278304	31430.36222	9.74E+32
43700000	9486.226169	31385.88664	9.64E+32
43800000	9485.174034	31341.41107	9.54E+32
43900000	9484.121899	31296.93549	9.44E+32
44000000	9483.069764	31252.45991	9.34E+32
44100000	9482.017629	31207.98434	9.24E+32
44200000	9480.965494	31163.50876	9.14E+32
44300000	9479.913359	31119.03319	9.04E+32
44400000	9478.861224	31074.55761	8.94E+32
44500000	9477.809089	31030.08203	8.84E+32
44600000	9476.756954	30985.60646	8.74E+32
44700000	9475.704819	30941.13088	8.64E+32
44800000	9474.652684	30896.6553	8.54E+32
44900000	9473.600549	30852.17973	8.44E+32
45000000	9472.548414	30807.70415	8.34E+32
45100000	9471.496279	30763.22857	8.24E+32
45200000	9470.444144	30718.753	8.14E+32
45300000	9469.392009	30674.27742	8.04E+32
45400000	9468.339874	30629.80184	7.94E+32
45500000	9467.287739	30585.32627	7.84E+32
45600000	9466.235604	30540.85069	7.74E+32
45700000	9465.183469	30496.37511	7.64E+32
45800000	9464.131334	30451.89954	7.54E+32
45900000	9463.079199	30407.42396	7.44E+32
46000000	9462.027064	30362.94839	7.34E+32
46100000	9460.974929	30318.47281	7.24E+32
46200000	9459.922794	30273.99723	7.14E+32
46300000	9458.870659	30229.52166	7.04E+32
46400000	9457.818524	30185.04608	6.94E+32
46500000	9456.766389	30140.5705	6.84E+32
46600000	9455.714254	30096.09493	6.74E+32
46700000	9454.662119	30051.61935	6.64E+32
46800000	9453.609984	30007.14377	6.54E+32
46900000	9452.557849	29962.6682	6.44E+32
47000000	9451.505714	29918.19262	6.34E+32
47100000	9450.453579	29873.71704	6.24E+32
47200000	9449.401444	29829.24147	6.14E+32
47300000	9448.349309	29784.76589	6.04E+32
47400000	9447.866685	29766.90859	6.01E+32
47500000	9447.667112	29762.28074	6.01E+32
47600000	9447.467538	29757.65288	6.00E+32
47700000	9447.267965	29753.02503	6.00E+32
47800000	9447.068392	29748.39717	6.00E+32
47900000	9446.868818	29743.76932	5.99E+32
48000000	9446.669245	29739.14146	5.99E+32
48100000	9446.469671	29734.51361	5.99E+32
48200000	9446.270098	29729.88575	5.99E+32
48300000	9446.070525	29725.2579	5.98E+32
48400000	9445.870951	29720.63004	5.98E+32
48500000	9445.671378	29716.00219	5.98E+32
48600000	9445.471805	29711.37433	5.98E+32
48700000	9445.272231	29706.74648	5.97E+32
48800000	9445.072658	29702.11862	5.97E+32
48900000	9444.873085	29697.49077	5.97E+32
49000000	9444.673511	29692.86291	5.96E+32
49100000	9444.473938	29688.23506	5.96E+32
49200000	9444.274364	29683.6072	5.96E+32
49300000	9444.074791	29678.97934	5.96E+32
49400000	9443.875218	29674.35149	5.95E+32
49500000	9443.675644	29669.72363	5.95E+32
49600000	9443.476071	29665.09578	5.95E+32
49700000	9443.276498	29660.46792	5.94E+32
49800000	9443.076924	29655.84007	5.94E+32
49900000	9442.877351	29651.21221	5.94E+32
50000000	9442.677778	29646.58436	5.94E+32
50100000	9442.478204	29641.9565	5.93E+32
50200000	9442.278631	29637.32865	5.93E+32
50300000	9442.079057	29632.70079	5.93E+32
50400000	9441.879484	29628.07294	5.93E+32
50500000	9441.679911	29623.44508	5.92E+32
50600000	9441.480337	29618.81723	5.92E+32
50700000	9441.280764	29614.18937	5.92E+32
50800000	9441.081191	29609.56152	5.91E+32
50900000	9440.881617	29604.93366	5.91E+32
51000000	9440.682044	29600.30581	5.91E+32
51100000	9440.482471	29595.67795	5.91E+32
51200000	9440.282897	29591.0501	5.90E+32
51300000	9440.083324	29586.42224	5.90E+32
51400000	9439.88375	29581.79439	5.90E+32
51500000	9439.684177	29577.16653	5.89E+32
51600000	9439.484604	29572.53868	5.89E+32
51700000	9439.28503	29567.91082	5.89E+32
51800000	9439.085457	29563.28297	5.89E+32
51900000	9438.885884	29558.65511	5.88E+32
52000000	9438.68631	29554.02726	5.88E+32
52100000	9438.486737	29549.3994	5.88E+32
52200000	9438.287164	29544.77155	5.88E+32
52300000	9438.08759	29540.14369	5.87E+32
52400000	9437.888017	29535.51584	5.87E+32
52500000	9437.688444	29530.88798	5.87E+32
52600000	9437.48887	29526.26012	5.86E+32
52700000	9437.289297	29521.63227	5.86E+32
52800000	9437.089723	29517.00441	5.86E+32
52900000	9436.89015	29512.37656	5.86E+32
53000000	9436.690577	29507.7487	5.85E+32
53100000	9436.491003	29503.12085	5.85E+32
53200000	9436.29143	29498.49299	5.85E+32
53300000	9436.091857	29493.86514	5.85E+32
53400000	9435.892283	29489.23728	5.84E+32
53500000	9435.69271	29484.60943	5.84E+32
53600000	9435.493137	29479.98157	5.84E+32
53700000	9435.293563	29475.35372	5.83E+32
53800000	9435.09399	29470.72586	5.83E+32
53900000	9434.894416	29466.09801	5.83E+32
54000000	9434.694843	29461.47015	5.83E+32
54100000	9434.49527	29456.8423	5.82E+32
54200000	9434.295696	29452.21444	5.82E+32
54300000	9434.096123	29447.58659	5.82E+32
54400000	9433.89655	29442.95873	5.81E+32
54500000	9433.696976	29438.33088	5.81E+32
54600000	9433.497403	29433.70302	5.81E+32
54700000	9433.29783	29429.07517	5.81E+32
54800000	9433.098256	29424.44731	5.80E+32
54900000	9432.898683	29419.81946	5.80E+32
55000000	9432.699109	29415.1916	5.80E+32
55100000	9432.499536	29410.56375	5.80E+32
55200000	9432.299963	29405.93589	5.79E+32
55300000	9432.100389	29401.30804	5.79E+32
55400000	9431.900816	29396.68018	5.79E+32
55500000	9431.701243	29392.05233	5.78E+32
55600000	9431.501669	29387.42447	5.78E+32
55700000	9431.302096	29382.79661	5.78E+32
55800000	9431.102523	29378.16876	5.78E+32
55900000	9430.902949	29373.5409	5.77E+32
56000000	9430.703376	29368.91305	5.77E+32
56100000	9430.503802	29364.28519	5.77E+32
56200000	9430.304229	29359.65734	5.77E+32
56300000	9430.104656	29355.02948	5.76E+32
56400000	9429.905082	29350.40163	5.76E+32
56500000	9429.705509	29345.77377	5.76E+32
56600000	9429.505936	29341.14592	5.75E+32
56700000	9429.306362	29336.51806	5.75E+32
56800000	9429.106789	29331.89021	5.75E+32
56900000	9428.907216	29327.26235	5.75E+32
57000000	9428.707642	29322.6345	5.74E+32
57100000	9428.508069	29318.00664	5.74E+32
57200000	9428.308495	29313.37879	5.74E+32
57300000	9428.108922	29308.75093	5.73E+32
57400000	9427.909349	29304.12308	5.73E+32
57500000	9427.709775	29299.49522	5.73E+32
57600000	9427.510202	29294.86737	5.73E+32
57700000	9427.310629	29290.23951	5.72E+32
57800000	9427.111055	29285.61166	5.72E+32
57900000	9426.911482	29280.9838	5.72E+32
58000000	9426.711909	29276.35595	5.72E+32
58100000	9426.512335	29271.72809	5.71E+32
58200000	9426.312762	29267.10024	5.71E+32
58300000	9426.113188	29262.47238	5.71E+32
58400000	9425.913615	29257.84453	5.70E+32
58500000	9425.714042	29253.21667	5.70E+32
58600000	9425.514468	29248.58882	5.70E+32
58700000	9425.314895	29243.96096	5.70E+32
58800000	9425.115322	29239.33311	5.69E+32
58900000	9424.915748	29234.70525	5.69E+32
59000000	9424.716175	29230.07739	5.69E+32
59100000	9424.516602	29225.44954	5.68E+32
59200000	9424.317028	29220.82168	5.68E+32
59300000	9424.117455	29216.19383	5.68E+32
59400000	9423.917882	29211.56597	5.68E+32
59500000	9423.718308	29206.93812	5.67E+32
59600000	9423.518735	29202.31026	5.67E+32
59700000	9423.319161	29197.68241	5.67E+32
59800000	9423.119588	29193.05455	5.67E+32
59900000	9422.920015	29188.4267	5.66E+32
60000000	9422.720441	29183.79884	5.66E+32
60100000	9422.520868	29179.17099	5.66E+32
60200000	9422.321295	29174.54313	5.65E+32
60300000	9422.121721	29169.91528	5.65E+32
60400000	9421.922148	29165.28742	5.65E+32
60500000	9421.722575	29160.65957	5.65E+32
60600000	9421.523001	29156.03171	5.64E+32
60700000	9421.323428	29151.40386	5.64E+32
60800000	9421.123854	29146.776	5.64E+32
60900000	9420.924281	29142.14815	5.64E+32
61000000	9420.724708	29137.52029	5.63E+32
61100000	9420.525134	29132.89244	5.63E+32
61200000	9420.325561	29128.26458	5.63E+32
61300000	9420.125988	29123.63673	5.62E+32
61400000	9419.926414	29119.00887	5.62E+32
61500000	9419.726841	29114.38102	5.62E+32
61600000	9419.527268	29109.75316	5.62E+32
61700000	9419.327694	29105.12531	5.61E+32
61800000	9419.128121	29100.49745	5.61E+32
61900000	9418.928547	29095.8696	5.61E+32
62000000	9418.728974	29091.24174	5.60E+32
62100000	9418.529401	29086.61389	5.60E+32
62200000	9418.329827	29081.98603	5.60E+32
62300000	9418.130254	29077.35817	5.60E+32
62400000	9417.930681	29072.73032	5.59E+32
62500000	9417.731107	29068.10246	5.59E+32
62600000	9417.531534	29063.47461	5.59E+32
62700000	9417.331961	29058.84675	5.59E+32
62800000	9417.132387	29054.2189	5.58E+32
62900000	9416.932814	29049.59104	5.58E+32
63000000	9416.73324	29044.96319	5.58E+32
63100000	9416.533667	29040.33533	5.57E+32
63200000	9416.334094	29035.70748	5.57E+32
63300000	9416.13452	29031.07962	5.57E+32
63400000	9415.934947	29026.45177	5.57E+32
63500000	9415.735374	29021.82391	5.56E+32
63600000	9415.5358	29017.19606	5.56E+32
63700000	9415.336227	29012.5682	5.56E+32
63800000	9415.136654	29007.94035	5.56E+32
63900000	9414.93708	29003.31249	5.55E+32
64000000	9414.737507	28998.68464	5.55E+32
64100000	9414.537933	28994.05678	5.55E+32
64200000	9414.33836	28989.42893	5.54E+32
64300000	9414.138787	28984.80107	5.54E+32
64400000	9413.939213	28980.17322	5.54E+32
64500000	9413.73964	28975.54536	5.54E+32
64600000	9413.540067	28970.91751	5.53E+32
64700000	9413.340493	28966.28965	5.53E+32
64800000	9413.14092	28961.6618	5.53E+32
64900000	9412.941347	28957.03394	5.52E+32
65000000	9412.741773	28952.40609	5.52E+32
65100000	9412.5422	28947.77823	5.52E+32
65200000	9412.342626	28943.15038	5.52E+32
65300000	9412.143053	28938.52252	5.51E+32
65400000	9411.94348	28933.89466	5.51E+32
65500000	9411.743906	28929.26681	5.51E+32
65600000	9411.544333	28924.63895	5.51E+32
65700000	9411.34476	28920.0111	5.50E+32
65800000	9411.145186	28915.38324	5.50E+32
65900000	9410.945613	28910.75539	5.50E+32
66000000	9410.74604	28906.12753	5.49E+32
66100000	9410.546466	28901.49968	5.49E+32
66200000	9410.346893	28896.87182	5.49E+32
66300000	9410.14732	28892.24397	5.49E+32
66400000	9409.947746	28887.61611	5.48E+32
66500000	9409.748173	28882.98826	5.48E+32
66600000	9409.548599	28878.3604	5.48E+32
66700000	9409.349026	28873.73255	5.48E+32
66800000	9409.149453	28869.10469	5.47E+32
66900000	9408.949879	28864.47684	5.47E+32
67000000	9408.750306	28859.84898	5.47E+32
67100000	9408.550733	28855.22113	5.46E+32
67200000	9408.351159	28850.59327	5.46E+32
67300000	9408.151586	28845.96542	5.46E+32
67400000	9407.952013	28841.33756	5.46E+32
67500000	9407.752439	28836.70971	5.45E+32
67600000	9407.552866	28832.08185	5.45E+32
67700000	9407.353292	28827.454	5.45E+32
67800000	9407.153719	28822.82614	5.44E+32
67900000	9406.954146	28818.19829	5.44E+32
68000000	9406.754572	28813.57043	5.44E+32
68100000	9406.554999	28808.94258	5.44E+32
68200000	9406.355426	28804.31472	5.43E+32
68300000	9406.155852	28799.68687	5.43E+32
68400000	9405.956279	28795.05901	5.43E+32
68500000	9405.756706	28790.43116	5.43E+32
68600000	9405.557132	28785.8033	5.42E+32
68700000	9405.357559	28781.17544	5.42E+32
68800000	9405.157985	28776.54759	5.42E+32
68900000	9404.958412	28771.91973	5.41E+32
69000000	9404.758839	28767.29188	5.41E+32
69100000	9404.559265	28762.66402	5.41E+32
69200000	9404.359692	28758.03617	5.41E+32
69300000	9404.160119	28753.40831	5.40E+32
69400000	9403.960545	28748.78046	5.40E+32
69500000	9403.760972	28744.1526	5.40E+32
69600000	9403.561399	28739.52475	5.39E+32
69700000	9403.361825	28734.89689	5.39E+32
69800000	9403.162252	28730.26904	5.39E+32
69900000	9402.962678	28725.64118	5.39E+32
70000000	9402.763105	28721.01333	5.38E+32
70100000	9402.563532	28716.38547	5.38E+32
70200000	9402.363958	28711.75762	5.38E+32
70300000	9402.164385	28707.12976	5.38E+32
70400000	9401.964812	28702.50191	5.37E+32
70500000	9401.765238	28697.87405	5.37E+32
70600000	9401.565665	28693.2462	5.37E+32
70700000	9401.366092	28688.61834	5.36E+32
70800000	9401.166518	28683.99049	5.36E+32
70900000	9400.966945	28679.36263	5.36E+32
71000000	9400.767371	28674.73478	5.36E+32
71100000	9400.567798	28670.10692	5.35E+32
71200000	9400.368225	28665.47907	5.35E+32
71300000	9400.168651	28660.85121	5.35E+32
71400000	9399.969078	28656.22336	5.35E+32
71500000	9399.769505	28651.5955	5.34E+32
71600000	9399.569931	28646.96765	5.34E+32
71700000	9399.370358	28642.33979	5.34E+32
71800000	9399.170785	28637.71194	5.33E+32
71900000	9398.971211	28633.08408	5.33E+32
72000000	9398.771638	28628.45622	5.33E+32
72100000	9398.572064	28623.82837	5.33E+32
72200000	9398.372491	28619.20051	5.32E+32
72300000	9398.172918	28614.57266	5.32E+32
72400000	9397.973344	28609.9448	5.32E+32
72500000	9397.773771	28605.31695	5.31E+32
72600000	9397.574198	28600.68909	5.31E+32
72700000	9397.374624	28596.06124	5.31E+32
72800000	9397.175051	28591.43338	5.31E+32
72900000	9396.975478	28586.80553	5.30E+32
73000000	9396.775904	28582.17767	5.30E+32
73100000	9396.576331	28577.54982	5.30E+32
73200000	9396.376758	28572.92196	5.30E+32
73300000	9396.177184	28568.29411	5.29E+32
73400000	9395.977611	28563.66625	5.29E+32
73500000	9395.778037	28559.0384	5.29E+32
73600000	9395.578464	28554.41054	5.28E+32
73700000	9395.378891	28549.78269	5.28E+32
73800000	9395.179317	28545.15483	5.28E+32
73900000	9394.979744	28540.52698	5.28E+32
74000000	9394.780171	28535.89912	5.27E+32
74100000	9394.580597	28531.27127	5.27E+32
74200000	9394.381024	28526.64341	5.27E+32
74300000	9394.181451	28522.01556	5.27E+32
74400000	9393.981877	28517.3877	5.26E+32
74500000	9393.782304	28512.75985	5.26E+32
74600000	9393.58273	28508.13199	5.26E+32
74700000	9393.383157	28503.50414	5.25E+32
74800000	9393.183584	28498.87628	5.25E+32
74900000	9392.98401	28494.24843	5.25E+32
75000000	9392.784437	28489.62057	5.25E+32
75100000	9392.584864	28484.99271	5.24E+32
75200000	9392.38529	28480.36486	5.24E+32
75300000	9392.185717	28475.737	5.24E+32
75400000	9391.986144	28471.10915	5.23E+32
75500000	9391.78657	28466.48129	5.23E+32
75600000	9391.586997	28461.85344	5.23E+32
75700000	9391.387423	28457.22558	5.23E+32
75800000	9391.18785	28452.59773	5.22E+32
75900000	9390.988277	28447.96987	5.22E+32
76000000	9390.788703	28443.34202	5.22E+32
76100000	9390.58913	28438.71416	5.22E+32
76200000	9390.389557	28434.08631	5.21E+32
76300000	9390.189983	28429.45845	5.21E+32
76400000	9389.99041	28424.8306	5.21E+32
76500000	9389.790837	28420.20274	5.20E+32
76600000	9389.591263	28415.57489	5.20E+32
76700000	9389.39169	28410.94703	5.20E+32
76800000	9389.192116	28406.31918	5.20E+32
76900000	9388.992543	28401.69132	5.19E+32
77000000	9388.79297	28397.06347	5.19E+32
77100000	9388.593396	28392.43561	5.19E+32
77200000	9388.393823	28387.80776	5.18E+32
77300000	9388.19425	28383.1799	5.18E+32
77400000	9387.994676	28378.55205	5.18E+32
77500000	9387.795103	28373.92419	5.18E+32
77600000	9387.59553	28369.29634	5.17E+32
77700000	9387.395956	28364.66848	5.17E+32
77800000	9387.196383	28360.04063	5.17E+32
77900000	9386.996809	28355.41277	5.17E+32
78000000	9386.797236	28350.78492	5.16E+32
78100000	9386.597663	28346.15706	5.16E+32
78200000	9386.398089	28341.52921	5.16E+32
78300000	9386.198516	28336.90135	5.15E+32
78400000	9385.998943	28332.27349	5.15E+32
78500000	9385.799369	28327.64564	5.15E+32
78600000	9385.599796	28323.01778	5.15E+32
78700000	9385.400223	28318.38993	5.14E+32
78800000	9385.200649	28313.76207	5.14E+32
78900000	9385.001076	28309.13422	5.14E+32
79000000	9384.801502	28304.50636	5.14E+32
79100000	9384.601929	28299.87851	5.13E+32
79200000	9384.402356	28295.25065	5.13E+32
79300000	9384.202782	28290.6228	5.13E+32
79400000	9384.003209	28285.99494	5.12E+32
79500000	9383.803636	28281.36709	5.12E+32
79600000	9383.604062	28276.73923	5.12E+32
79700000	9383.404489	28272.11138	5.12E+32
79800000	9383.204916	28267.48352	5.11E+32
79900000	9383.005342	28262.85567	5.11E+32
80000000	9382.805769	28258.22781	5.11E+32
80100000	9382.606195	28253.59996	5.10E+32
80200000	9382.406622	28248.9721	5.10E+32
80300000	9382.207049	28244.34425	5.10E+32
80400000	9382.007475	28239.71639	5.10E+32
80500000	9381.807902	28235.08854	5.09E+32
80600000	9381.608329	28230.46068	5.09E+32
80700000	9381.408755	28225.83283	5.09E+32
80800000	9381.209182	28221.20497	5.09E+32
80900000	9381.009609	28216.57712	5.08E+32
81000000	9380.810035	28211.94926	5.08E+32
81100000	9380.610462	28207.32141	5.08E+32
81200000	9380.410889	28202.69355	5.07E+32
81300000	9380.211315	28198.0657	5.07E+32
81400000	9380.011742	28193.43784	5.07E+32
81500000	9379.812168	28188.80999	5.07E+32
81600000	9379.612595	28184.18213	5.06E+32
81700000	9379.413022	28179.55427	5.06E+32
81800000	9379.213448	28174.92642	5.06E+32
81900000	9379.013875	28170.29856	5.06E+32
82000000	9378.814302	28165.67071	5.05E+32
82100000	9378.614728	28161.04285	5.05E+32
82200000	9378.415155	28156.415	5.05E+32
82300000	9378.215582	28151.78714	5.04E+32
82400000	9378.016008	28147.15929	5.04E+32
82500000	9377.816435	28142.53143	5.04E+32
82600000	9377.616861	28137.90358	5.04E+32
82700000	9377.417288	28133.27572	5.03E+32
82800000	9377.217715	28128.64787	5.03E+32
82900000	9377.018141	28124.02001	5.03E+32
83000000	9376.818568	28119.39216	5.02E+32
83100000	9376.618995	28114.7643	5.02E+32
83200000	9376.419421	28110.13645	5.02E+32
83300000	9376.219848	28105.50859	5.02E+32
83400000	9376.020275	28100.88074	5.01E+32
83500000	9375.820701	28096.25288	5.01E+32
83600000	9375.621128	28091.62503	5.01E+32
83700000	9375.421554	28086.99717	5.01E+32
83800000	9375.221981	28082.36932	5.00E+32
83900000	9375.022408	28077.74146	5.00E+32
84000000	9374.822834	28073.11361	5.00E+32
84100000	9374.623261	28068.48575	4.99E+32
84200000	9374.423688	28063.8579	4.99E+32
84300000	9374.224114	28059.23004	4.99E+32
84400000	9374.024541	28054.60219	4.99E+32
84500000	9373.824968	28049.97433	4.98E+32
84600000	9373.625394	28045.34648	4.98E+32
84700000	9373.425821	28040.71862	4.98E+32
84800000	9373.226247	28036.09076	4.98E+32
84900000	9373.026674	28031.46291	4.97E+32
85000000	9372.827101	28026.83505	4.97E+32
85100000	9372.627527	28022.2072	4.97E+32
85200000	9372.427954	28017.57934	4.96E+32
85300000	9372.228381	28012.95149	4.96E+32
85400000	9372.028807	28008.32363	4.96E+32
85500000	9371.829234	28003.69578	4.96E+32
85600000	9371.629661	27999.06792	4.95E+32
85700000	9371.430087	27994.44007	4.95E+32
85800000	9371.230514	27989.81221	4.95E+32
85900000	9371.03094	27985.18436	4.94E+32
86000000	9370.831367	27980.5565	4.94E+32
86100000	9370.631794	27975.92865	4.94E+32
86200000	9370.43222	27971.30079	4.94E+32
86300000	9370.232647	27966.67294	4.93E+32
86400000	9370.033074	27962.04508	4.93E+32
86500000	9369.8335	27957.41723	4.93E+32
86600000	9369.633927	27952.78937	4.93E+32
86700000	9369.434354	27948.16152	4.92E+32
86800000	9369.23478	27943.53366	4.92E+32
86900000	9369.035207	27938.90581	4.92E+32
87000000	9368.835633	27934.27795	4.91E+32
87100000	9368.63606	27929.6501	4.91E+32
87200000	9368.436487	27925.02224	4.91E+32
87300000	9368.236913	27920.39439	4.91E+32
87400000	9368.03734	27915.76653	4.90E+32
87500000	9367.837767	27911.13868	4.90E+32
87600000	9367.638193	27906.51082	4.90E+32
87700000	9367.43862	27901.88297	4.89E+32
87800000	9367.239047	27897.25511	4.89E+32
87900000	9367.039473	27892.62726	4.89E+32
88000000	9366.8399	27887.9994	4.89E+32
88100000	9366.640327	27883.37154	4.88E+32
88200000	9366.440753	27878.74369	4.88E+32
88300000	9366.24118	27874.11583	4.88E+32
88400000	9366.041606	27869.48798	4.88E+32
88500000	9365.842033	27864.86012	4.87E+32
88600000	9365.64246	27860.23227	4.87E+32
88700000	9365.442886	27855.60441	4.87E+32
88800000	9365.243313	27850.97656	4.86E+32
88900000	9365.04374	27846.3487	4.86E+32
89000000	9364.844166	27841.72085	4.86E+32
89100000	9364.644593	27837.09299	4.86E+32
89200000	9364.44502	27832.46514	4.85E+32
89300000	9364.245446	27827.83728	4.85E+32
89400000	9364.045873	27823.20943	4.85E+32
89500000	9363.846299	27818.58157	4.85E+32
89600000	9363.646726	27813.95372	4.84E+32
89700000	9363.447153	27809.32586	4.84E+32
89800000	9363.247579	27804.69801	4.84E+32
89900000	9363.048006	27800.07015	4.83E+32
90000000	9362.848433	27795.4423	4.83E+32
90100000	9362.648859	27790.81444	4.83E+32
90200000	9362.449286	27786.18659	4.83E+32
90300000	9362.249713	27781.55873	4.82E+32
90400000	9362.050139	27776.93088	4.82E+32
90500000	9361.850566	27772.30302	4.82E+32
90600000	9361.650992	27767.67517	4.81E+32
90700000	9361.451419	27763.04731	4.81E+32
90800000	9361.251846	27758.41946	4.81E+32
90900000	9361.052272	27753.7916	4.81E+32
91000000	9360.852699	27749.16375	4.80E+32
91100000	9360.653126	27744.53589	4.80E+32
91200000	9360.453552	27739.90804	4.80E+32
91300000	9360.253979	27735.28018	4.80E+32
91400000	9360.054406	27730.65232	4.79E+32
91500000	9359.854832	27726.02447	4.79E+32
91600000	9359.655259	27721.39661	4.79E+32
91700000	9359.455685	27716.76876	4.78E+32
91800000	9359.256112	27712.1409	4.78E+32
91900000	9359.056539	27707.51305	4.78E+32
92000000	9358.856965	27702.88519	4.78E+32
92100000	9358.657392	27698.25734	4.77E+32
92200000	9358.457819	27693.62948	4.77E+32
92300000	9358.258245	27689.00163	4.77E+32
92400000	9358.058672	27684.37377	4.77E+32
92500000	9357.859099	27679.74592	4.76E+32
92600000	9357.659525	27675.11806	4.76E+32
92700000	9357.459952	27670.49021	4.76E+32
92800000	9357.260378	27665.86235	4.75E+32
92900000	9357.060805	27661.2345	4.75E+32
93000000	9356.861232	27656.60664	4.75E+32
93100000	9356.661658	27651.97879	4.75E+32
93200000	9356.462085	27647.35093	4.74E+32
93300000	9356.262512	27642.72308	4.74E+32
93400000	9356.062938	27638.09522	4.74E+32
93500000	9355.863365	27633.46737	4.73E+32
93600000	9355.663792	27628.83951	4.73E+32
93700000	9355.464218	27624.21166	4.73E+32
93800000	9355.264645	27619.5838	4.73E+32
93900000	9355.065071	27614.95595	4.72E+32
94000000	9354.865498	27610.32809	4.72E+32
94100000	9354.665925	27605.70024	4.72E+32
94200000	9354.466351	27601.07238	4.72E+32
94300000	9354.266778	27596.44453	4.71E+32
94400000	9354.067205	27591.81667	4.71E+32
94500000	9353.867631	27587.18881	4.71E+32
94600000	9353.668058	27582.56096	4.70E+32
94700000	9353.468485	27577.9331	4.70E+32
94800000	9353.268911	27573.30525	4.70E+32
94900000	9353.069338	27568.67739	4.70E+32
95000000	9352.869765	27564.04954	4.69E+32
95100000	9352.670191	27559.42168	4.69E+32
95200000	9352.470618	27554.79383	4.69E+32
95300000	9352.271044	27550.16597	4.69E+32
95400000	9352.071471	27545.53812	4.68E+32
95500000	9351.871898	27540.91026	4.68E+32
95600000	9351.672324	27536.28241	4.68E+32
95700000	9351.472751	27531.65455	4.67E+32
95800000	9351.273178	27527.0267	4.67E+32
95900000	9351.073604	27522.39884	4.67E+32
96000000	9350.874031	27517.77099	4.67E+32
96100000	9350.674458	27513.14313	4.66E+32
96200000	9350.474884	27508.51528	4.66E+32
96300000	9350.275311	27503.88742	4.66E+32
96400000	9350.075737	27499.25957	4.65E+32
96500000	9349.876164	27494.63171	4.65E+32
96600000	9349.676591	27490.00386	4.65E+32
96700000	9349.477017	27485.376	4.65E+32
96800000	9349.277444	27480.74815	4.64E+32
96900000	9349.077871	27476.12029	4.64E+32
97000000	9348.878297	27471.49244	4.64E+32
97100000	9348.678724	27466.86458	4.64E+32
97200000	9348.479151	27462.23673	4.63E+32
97300000	9348.279577	27457.60887	4.63E+32
97400000	9348.080004	27452.98102	4.63E+32
97500000	9347.88043	27448.35316	4.62E+32
97600000	9347.680857	27443.72531	4.62E+32
97700000	9347.481284	27439.09745	4.62E+32
97800000	9347.28171	27434.46959	4.62E+32
97900000	9347.082137	27429.84174	4.61E+32
98000000	9346.882564	27425.21388	4.61E+32
98100000	9346.68299	27420.58603	4.61E+32
98200000	9346.483417	27415.95817	4.60E+32
98300000	9346.283844	27411.33032	4.60E+32
98400000	9346.08427	27406.70246	4.60E+32
98500000	9345.884697	27402.07461	4.60E+32
98600000	9345.685123	27397.44675	4.59E+32
98700000	9345.48555	27392.8189	4.59E+32
98800000	9345.285977	27388.19104	4.59E+32
98900000	9345.086403	27383.56319	4.59E+32
99000000	9344.88683	27378.93533	4.58E+32
99100000	9344.687257	27374.30748	4.58E+32
99200000	9344.487683	27369.67962	4.58E+32
99300000	9344.28811	27365.05177	4.57E+32
99400000	9344.088537	27360.42391	4.57E+32
99500000	9343.888963	27355.79606	4.57E+32
99600000	9343.68939	27351.1682	4.57E+32
99700000	9343.489816	27346.54035	4.56E+32
99800000	9343.290243	27341.91249	4.56E+32
99900000	9343.09067	27337.28464	4.56E+32
100000000	9342.891096	27332.65678	4.56E+32
