37003 15205.0 207007.0 3.37e+36
47003.0 13587.064919231942 205402.96677842122 2.4930082291984153e+36
57003.0 12245.918501645154 202419.94077448748 1.939711465451784e+36
67003.0 11187.125255275698 197417.258452462 1.3220626276378492e+36
77003.0 10347.902654867255 189052.92920353982 5.810176991150449e+35
87003.0 9783.026049647564 189649.9092859332 9.323199509653684e+35
97003.0 9416.315278900565 175522.98561034762 1.39938561034762e+35
107003.0 9219.003635197263 177731.69164973806 5.675366192665452e+35
117003.0 9162.85212184327 169384.4910179641 3.6631918771153335e+35
127003.0 9185.38393894143 168847.7869586859 5.1209440849510555e+35
137003.0 9219.297257095259 167461.3391444041 5.5426566311655856e+35
147003.0 9074.885003071742 165042.74748003366 5.100316048146716e+35
157003.0 8978.06823818517 163172.0564517964 4.842062162961615e+35
167003.0 8881.251473298596 161301.36542355912 4.5838082777765134e+35
177003.0 8784.434708412024 159430.67439532184 4.325554392591413e+35
187003.0 8687.61794352545 157559.98336708458 4.067300507406312e+35
197003.0 8590.801178638876 155689.2923388473 3.809046622221211e+35
207003.0 8493.984413752303 153818.60131061 3.55079273703611e+35
217003.0 8397.16764886573 151947.91028237276 3.292538851851009e+35
227003.0 8300.350883979158 150077.21925413547 3.0342849666659085e+35
237003.0 8259.958018699417 149003.98335776493 2.9335434656746204e+35
247003.0 8234.581997807314 148142.9848236613 2.8747228347232657e+35
257003.0 8209.205976915213 147281.98628955765 2.8159022037719115e+35
267003.0 8183.82995602311 146420.987755454 2.757081572820557e+35
277003.0 8158.453935131007 145559.98922135035 2.6982609418692026e+35
287003.0 8133.077914238904 144698.9906872467 2.6394403109178483e+35
297003.0 8107.701893346802 143837.99215314304 2.5806196799664937e+35
307003.0 8082.325872454699 142976.9936190394 2.5217990490151394e+35
317003.0 8056.949851562596 142115.99508493577 2.4629784180637847e+35
327003.0 8031.573830670493 141254.99655083212 2.4041577871124305e+35
337003.0 8006.197809778391 140393.99801672847 2.3453371561610762e+35
347003.0 7980.821788886288 139532.99948262481 2.2865165252097216e+35
357003.0 7955.445767994186 138672.00094852116 2.2276958942583673e+35
367003.0 7930.069747102083 137811.0024144175 2.1688752633070127e+35
377003.0 7904.69372620998 136950.0038803139 2.1100546323556584e+35
387003.0 7879.317705317878 136089.00534621024 2.051234001404304e+35
397003.0 7853.941684425775 135228.00681210659 1.99241337045295e+35
407003.0 7828.565663533673 134367.00827800293 1.9335927395015952e+35
417003.0 7803.18964264157 133506.00974389928 1.8747721085502406e+35
427003.0 7777.8136217494675 132645.01120979563 1.8159514775988863e+35
437003.0 7752.4376008573645 131784.01267569198 1.757130846647532e+35
447003.0 7727.061579965262 130923.01414158834 1.6983102156961774e+35
457003.0 7701.685559073159 130062.01560748469 1.639489584744823e+35
467003.0 7676.309538181056 129201.01707338105 1.5806689537934687e+35
477003.0 7650.933517288954 128340.0185392774 1.5218483228421143e+35
487003.0 7625.557496396851 127479.02000517375 1.4630276918907598e+35
497003.0 7600.181475504749 126618.0214710701 1.4042070609394054e+35
507003.0 7574.805454612646 125757.02293696646 1.3453864299880509e+35
517003.0 7549.429433720544 124896.02440286281 1.2865657990366968e+35
527003.0 7524.053412828441 124035.02586875917 1.2277451680853422e+35
537003.0 7498.677391936339 123174.02733465552 1.168924537133988e+35
547003.0 7473.301371044236 122313.02880055187 1.1101039061826333e+35
557003.0 7454.736097263698 121627.08432173834 1.067749947346462e+35
567003.0 7450.764058494678 121316.22423920642 1.0606787573604842e+35
577003.0 7446.792019725657 121005.3641566745 1.0536075673745065e+35
587003.0 7442.819980956637 120694.50407414259 1.0465363773885287e+35
597003.0 7438.847942187616 120383.64399161068 1.039465187402551e+35
607003.0 7434.875903418596 120072.78390907875 1.0323939974165733e+35
617003.0 7430.903864649576 119761.92382654683 1.0253228074305955e+35
627003.0 7426.931825880555 119451.06374401491 1.0182516174446178e+35
637003.0 7422.959787111535 119140.203661483 1.0111804274586399e+35
647003.0 7418.987748342514 118829.34357895108 1.0041092374726622e+35
657003.0 7415.015709573494 118518.48349641915 9.970380474866844e+34
667003.0 7411.043670804474 118207.62341388724 9.899668575007067e+34
677003.0 7407.071632035454 117896.76333135532 9.82895667514729e+34
687003.0 7403.099593266434 117585.90324882341 9.758244775287512e+34
697003.0 7399.127554497413 117275.04316629149 9.687532875427735e+34
707003.0 7395.155515728393 116964.18308375956 9.616820975567958e+34
717003.0 7391.1834769593725 116653.32300122765 9.54610907570818e+34
727003.0 7387.211438190352 116342.46291869573 9.475397175848403e+34
737003.0 7383.239399421332 116031.60283616382 9.404685275988626e+34
747003.0 7379.267360652311 115720.74275363189 9.333973376128849e+34
757003.0 7375.295321883291 115409.88267109997 9.263261476269071e+34
767003.0 7371.32328311427 115099.02258856806 9.192549576409294e+34
777003.0 7367.35124434525 114788.16250603614 9.121837676549517e+34
787003.0 7363.37920557623 114477.30242350422 9.05112577668974e+34
797003.0 7359.407166807209 114166.4423409723 8.980413876829962e+34
807003.0 7355.435128038189 113855.58225844038 8.909701976970185e+34
817003.0 7351.463089269168 113544.72217590846 8.838990077110407e+34
827003.0 7347.491050500149 113233.86209337655 8.768278177250628e+34
837003.0 7343.519011731129 112923.00201084463 8.69756627739085e+34
847003.0 7339.546972962108 112612.1419283127 8.626854377531074e+34
857003.0 7335.574934193088 112301.28184578079 8.556142477671296e+34
867003.0 7331.602895424067 111990.42176324887 8.485430577811519e+34
877003.0 7327.630856655047 111679.56168071696 8.414718677951742e+34
887003.0 7323.658817886027 111368.70159818503 8.344006778091964e+34
897003.0 7319.686779117006 111057.84151565311 8.273294878232187e+34
907003.0 7315.714740347986 110746.9814331212 8.20258297837241e+34
917003.0 7311.742701578965 110436.12135058928 8.131871078512632e+34
927003.0 7307.770662809945 110125.26126805737 8.061159178652855e+34
937003.0 7303.798624040925 109814.40118552544 7.990447278793078e+34
947003.0 7299.826585271904 109503.54110299352 7.9197353789333e+34
957003.0 7295.854546502884 109192.6810204616 7.849023479073522e+34
967003.0 7291.882507733864 108881.82093792969 7.778311579213746e+34
977003.0 7287.910468964844 108570.96085539777 7.7075996793539685e+34
987003.0 7283.9384301958235 108260.10077286584 7.63688777949419e+34
997003.0 7279.966391426803 107949.24069033393 7.566175879634413e+34
1007003.0 7275.994352657783 107638.38060780201 7.495463979774635e+34
1107003.0 7236.273964967579 104529.77978248283 6.788344981176862e+34
1207003.0 7196.553577277376 101421.17895716365 6.081225982579087e+34
1307003.0 7156.8331895871725 98312.57813184446 5.3741069839813125e+34
1407003.0 7117.112801896968 95203.97730652528 4.666987985383538e+34
1507003.0 7077.392414206765 92095.37648120608 3.9598689867857644e+34
1607003.0 7037.672026516562 88986.77565588692 3.2527499881879903e+34
1707003.0 6997.951638826358 85878.17483056773 2.5456309895902163e+34
1807003.0 6959.831443673379 82884.86450527716 1.8687806240515609e+34
1907003.0 6956.046212893655 82365.31600487647 1.8413973779604086e+34
2007003.0 6952.260982113932 81845.76750447578 1.814014131869256e+34
2107003.0 6948.475751334208 81326.21900407509 1.7866308857781036e+34
2207003.0 6944.690520554485 80806.6705036744 1.759247639686951e+34
2307003.0 6940.9052897747615 80287.12200327372 1.7318643935957988e+34
2407003.0 6937.120058995039 79767.57350287303 1.7044811475046463e+34
2507003.0 6933.334828215315 79248.02500247234 1.6770979014134937e+34
2607003.0 6929.549597435592 78728.47650207164 1.6497146553223415e+34
2707003.0 6925.764366655868 78208.92800167095 1.622331409231189e+34
2807003.0 6921.979135876145 77689.37950127028 1.5949481631400364e+34
2907003.0 6918.193905096421 77169.83100086958 1.567564917048884e+34
3007003.0 6914.408674316697 76650.2825004689 1.5401816709577316e+34
3107003.0 6910.623443536974 76130.7340000682 1.5127984248665791e+34
3207003.0 6906.83821275725 75611.18549966751 1.4854151787754266e+34
3307003.0 6903.052981977527 75091.63699926682 1.4580319326842743e+34
3407003.0 6899.267751197804 74572.08849886614 1.4306486865931218e+34
3507003.0 6895.482520418081 74052.53999846545 1.4032654405019693e+34
3607003.0 6891.697289638357 73532.99149806476 1.3758821944108168e+34
3707003.0 6887.912058858634 73013.44299766407 1.3484989483196645e+34
3807003.0 6884.12682807891 72493.89449726338 1.321115702228512e+34
3907003.0 6880.341597299187 71974.34599686268 1.2937324561373595e+34
4007003.0 6876.556366519463 71454.79749646201 1.266349210046207e+34
4107003.0 6872.77113573974 70935.24899606132 1.2389659639550547e+34
4207003.0 6868.985904960016 70415.70049566063 1.2115827178639022e+34
4307003.0 6865.2006741802925 69896.15199525993 1.1841994717727497e+34
4407003.0 6861.4154434005695 69376.60349485924 1.1568162256815974e+34
4507003.0 6857.630212620846 68857.05499445857 1.129432979590445e+34
4607003.0 6853.844981841123 68337.50649405787 1.1020497334992924e+34
4707003.0 6850.059751061399 67817.95799365718 1.07466648740814e+34
4807003.0 6846.274520281676 67298.40949325649 1.0472832413169874e+34
4907003.0 6842.489289501952 66778.8609928558 1.0198999952258351e+34
5007003.0 6838.704058722229 66259.31249245512 9.925167491346827e+33
5107003.0 6834.918827942505 65739.76399205442 9.651335030435302e+33
5207003.0 6831.133597162782 65220.21549165374 9.377502569523778e+33
5307003.0 6827.348366383058 64700.66699125305 9.103670108612253e+33
5407003.0 6823.5631356033355 64181.11849085236 8.829837647700729e+33
5507003.0 6819.777904823612 63661.56999045167 8.556005186789205e+33
5607003.0 6815.992674043888 63142.02149005098 8.28217272587768e+33
5707003.0 6812.207443264165 62622.4729896503 8.008340264966155e+33
5807003.0 6808.422212484441 62102.924489249606 7.73450780405463e+33
5907003.0 6804.636981704718 61583.375988848915 7.460675343143107e+33
6007003.0 6800.851750924994 61063.82748844822 7.186842882231582e+33
6107003.0 6797.066520145271 60544.27898804753 6.913010421320056e+33
6207003.0 6793.281289365547 60024.73048764685 6.639177960408534e+33
6307003.0 6789.496058585824 59505.181987246164 6.365345499497009e+33
6407003.0 6785.7108278061005 58985.63348684547 6.091513038585483e+33
6507003.0 6781.925597026378 58466.08498644478 5.817680577673958e+33
6607003.0 6778.140366246654 57946.53648604409 5.543848116762435e+33
6707003.0 6774.355135466931 57426.987985643405 5.27001565585091e+33
6807003.0 6770.569904687207 56907.439485242714 4.996183194939385e+33
6907003.0 6766.784673907484 56387.89098484203 4.7223507340278625e+33
7007003.0 6762.99944312776 55868.34248444134 4.448518273116335e+33
7107003.0 6759.214212348036 55348.79398404065 4.174685812204812e+33
7207003.0 6755.428981568313 54829.245483639956 3.9008533512932894e+33
7307003.0 6751.643750788589 54309.69698323927 3.627020890381762e+33
7407003.0 6747.858520008866 53790.14848283859 3.353188429470239e+33
7507003.0 6744.073289229143 53270.599982437896 3.079355968558714e+33
7607003.0 6740.28805844942 52751.051482037205 2.805523507647189e+33
7707003.0 6737.8344160950755 52417.34888533296 2.6373219198187055e+33
7807003.0 6737.415778052641 52367.66589120601 2.630551054950568e+33
7907003.0 6736.997140010207 52317.98289707905 2.62378019008243e+33
8007003.0 6736.578501967771 52268.29990295209 2.6170093252142926e+33
8107003.0 6736.159863925337 52218.61690882513 2.610238460346155e+33
8207003.0 6735.741225882903 52168.93391469817 2.603467595478017e+33
8307003.0 6735.322587840467 52119.25092057122 2.5966967306098796e+33
8407003.0 6734.903949798033 52069.56792644426 2.589925865741742e+33
8507003.0 6734.485311755599 52019.8849323173 2.5831550008736043e+33
8607003.0 6734.066673713164 51970.201938190345 2.5763841360054666e+33
8707003.0 6733.648035670729 51920.518944063384 2.569613271137329e+33
8807003.0 6733.2293976282945 51870.83594993642 2.5628424062691913e+33
8907003.0 6732.81075958586 51821.15295580947 2.5560715414010537e+33
9007003.0 6732.392121543425 51771.46996168251 2.549300676532916e+33
9107003.0 6731.97348350099 51721.78696755555 2.5425298116647784e+33
9207003.0 6731.554845458556 51672.103973428595 2.5357589467966407e+33
9307003.0 6731.136207416121 51622.420979301634 2.528988081928503e+33
9407003.0 6730.717569373686 51572.73798517468 2.5222172170603654e+33
9507003.0 6730.298931331252 51523.05499104772 2.5154463521922277e+33
9607003.0 6729.880293288817 51473.37199692076 2.50867548732409e+33
9707003.0 6729.461655246382 51423.689002793806 2.5019046224559524e+33
9807003.0 6729.043017203948 51374.006008666845 2.4951337575878148e+33
9907003.0 6728.624379161513 51324.323014539885 2.488362892719677e+33
10007003.0 6728.205741119078 51274.64002041293 2.4815920278515395e+33
10107003.0 6727.787103076644 51224.95702628597 2.4748211629834018e+33
10207003.0 6727.368465034209 51175.27403215901 2.468050298115264e+33
10307003.0 6726.949826991774 51125.59103803206 2.4612794332471262e+33
10407003.0 6726.53118894934 51075.908043905096 2.4545085683789885e+33
10507003.0 6726.112550906905 51026.22504977814 2.447737703510851e+33
10607003.0 6725.69391286447 50976.54205565118 2.4409668386427132e+33
10707003.0 6725.2752748220355 50926.85906152422 2.4341959737745756e+33
10807003.0 6724.856636779601 50877.17606739727 2.427425108906438e+33
10907003.0 6724.437998737166 50827.49307327031 2.4206542440383003e+33
11007003.0 6724.019360694731 50777.810079143346 2.4138833791701626e+33
11107003.0 6723.600722652297 50728.12708501639 2.407112514302025e+33
11207003.0 6723.182084609863 50678.44409088943 2.4003416494338873e+33
11307003.0 6722.763446567427 50628.76109676247 2.3935707845657496e+33
11407003.0 6722.344808524993 50579.07810263552 2.386799919697612e+33
11507003.0 6721.9261704825585 50529.39510850856 2.3800290548294743e+33
11607003.0 6721.507532440123 50479.712114381604 2.3732581899613367e+33
11707003.0 6721.088894397689 50430.02912025464 2.366487325093199e+33
11807003.0 6720.670256355254 50380.34612612768 2.3597164602250614e+33
11907003.0 6720.251618312819 50330.66313200073 2.3529455953569237e+33
12007003.0 6719.832980270385 50280.98013787377 2.346174730488786e+33
12107003.0 6719.41434222795 50231.29714374681 2.3394038656206484e+33
12207003.0 6718.995704185515 50181.614149619854 2.3326330007525107e+33
12307003.0 6718.577066143081 50131.93115549289 2.325862135884373e+33
12407003.0 6718.158428100646 50082.24816136593 2.319091271016235e+33
12507003.0 6717.739790058212 50032.56516723898 2.3123204061480975e+33
12607003.0 6717.3211520157765 49982.88217311202 2.3055495412799598e+33
12707003.0 6716.902513973342 49933.199178985065 2.2987786764118222e+33
12807003.0 6716.483875930908 49883.516184858105 2.2920078115436845e+33
12907003.0 6716.065237888472 49833.833190731144 2.2852369466755469e+33
13007003.0 6715.646599846038 49784.15019660419 2.2784660818074092e+33
13107003.0 6715.227961803604 49734.46720247723 2.2716952169392715e+33
13207003.0 6714.809323761168 49684.78420835027 2.264924352071134e+33
13307003.0 6714.390685718734 49635.101214223316 2.2581534872029962e+33
13407003.0 6713.9720476763 49585.418220096355 2.2513826223348586e+33
13507003.0 6713.553409633865 49535.7352259694 2.244611757466721e+33
13607003.0 6713.13477159143 49486.05223184244 2.2378408925985833e+33
13707003.0 6712.7161335489955 49436.36923771548 2.2310700277304456e+33
13807003.0 6712.297495506561 49386.68624358853 2.224299162862308e+33
13907003.0 6711.878857464126 49337.003249461566 2.2175282979941703e+33
14007003.0 6711.460219421691 49287.320255334605 2.2107574331260326e+33
14107003.0 6711.041581379257 49237.63726120765 2.203986568257895e+33
14207003.0 6710.622943336822 49187.95426708069 2.1972157033897573e+33
14307003.0 6710.204305294387 49138.27127295373 2.1904448385216197e+33
14407003.0 6709.785667251953 49088.58827882678 2.183673973653482e+33
14507003.0 6709.367029209518 49038.90528469982 2.1769031087853444e+33
14607003.0 6708.948391167083 48989.222290572856 2.1701322439172067e+33
14707003.0 6708.529753124649 48939.5392964459 2.163361379049069e+33
14807003.0 6708.111115082214 48889.85630231894 2.1565905141809314e+33
14907003.0 6707.692477039779 48840.17330819199 2.1498196493127937e+33
15007003.0 6707.273838997345 48790.49031406503 2.143048784444656e+33
15107003.0 6706.85520095491 48740.80731993807 2.1362779195765184e+33
15207003.0 6706.436562912475 48691.12432581111 2.1295070547083808e+33
15307003.0 6706.017924870041 48641.44133168415 2.1227361898402428e+33
15407003.0 6705.599286827606 48591.75833755719 2.1159653249721055e+33
15507003.0 6705.180648785171 48542.07534343024 2.1091944601039678e+33
15607003.0 6704.7620107427365 48492.39234930328 2.1024235952358301e+33
15707003.0 6704.343372700302 48442.709355176325 2.0956527303676922e+33
15807003.0 6703.924734657867 48393.026361049364 2.0888818654995545e+33
15907003.0 6703.506096615432 48343.3433669224 2.082111000631417e+33
16007003.0 6703.087458572998 48293.66037279545 2.0753401357632792e+33
16107003.0 6702.668820530564 48243.97737866849 2.0685692708951416e+33
16207003.0 6702.250182488128 48194.29438454153 2.061798406027004e+33
16307003.0 6701.831544445694 48144.611390414575 2.0550275411588663e+33
16407003.0 6701.4129064032595 48094.928396287614 2.0482566762907286e+33
16507003.0 6700.994268360824 48045.24540216065 2.041485811422591e+33
16607003.0 6700.57563031839 47995.5624080337 2.0347149465544533e+33
16707003.0 6700.156992275955 47945.87941390674 2.0279440816863156e+33
16807003.0 6699.73835423352 47896.19641977978 2.021173216818178e+33
16907003.0 6699.319716191086 47846.513425652825 2.0144023519500403e+33
17007003.0 6698.901078148651 47796.830431525865 2.0076314870819027e+33
17107003.0 6698.482440106216 47747.14743739891 2.000860622213765e+33
17207003.0 6698.063802063782 47697.46444327195 1.9940897573456274e+33
17307003.0 6697.645164021347 47647.78144914499 1.9873188924774894e+33
17407003.0 6697.226525978913 47598.09845501804 1.980548027609352e+33
17507003.0 6696.8078879364775 47548.415460891076 1.973777162741214e+33
17607003.0 6696.389249894043 47498.73246676412 1.9670062978730765e+33
17707003.0 6695.970611851609 47449.04947263716 1.9602354330049388e+33
17807003.0 6695.551973809173 47399.3664785102 1.953464568136801e+33
17907003.0 6695.133335766739 47349.68348438325 1.9466937032686635e+33
18007003.0 6694.714697724305 47300.00049025629 1.9399228384005258e+33
18107003.0 6694.296059681869 47250.317496129326 1.9331519735323882e+33
18207003.0 6693.877421639435 47200.63450200237 1.9263811086642505e+33
18307003.0 6693.458783597001 47150.95150787541 1.919610243796113e+33
18407003.0 6693.040145554565 47101.26851374845 1.9128393789279752e+33
18507003.0 6692.621507512131 47051.5855196215 1.9060685140598376e+33
18607003.0 6692.202869469696 47001.90252549454 1.8992976491917e+33
18707003.0 6691.784231427262 46952.21953136758 1.8925267843235622e+33
18807003.0 6691.365593384827 46902.53653724062 1.8857559194554246e+33
18907003.0 6690.946955342392 46852.85354311366 1.878985054587287e+33
19007003.0 6690.528317299958 46803.1705489867 1.8722141897191493e+33
19107003.0 6690.109679257523 46753.48755485975 1.8654433248510116e+33
19207003.0 6689.691041215088 46703.80456073279 1.858672459982874e+33
19307003.0 6689.272403172654 46654.121566605834 1.8519015951147363e+33
19407003.0 6688.853765130219 46604.43857247887 1.8451307302465986e+33
19507003.0 6688.435127087784 46554.75557835191 1.838359865378461e+33
19607003.0 6688.01648904535 46505.07258422496 1.8315890005103233e+33
19707003.0 6687.5978510029145 46455.389590098 1.8248181356421857e+33
19807003.0 6687.17921296048 46405.706595971045 1.818047270774048e+33
19907003.0 6686.760574918046 46356.023601844085 1.8112764059059104e+33
20007003.0 6686.341936875611 46306.340607717124 1.8045055410377727e+33
20107003.0 6685.923298833176 46256.65761359017 1.797734676169635e+33
20207003.0 6685.504660790742 46206.97461946321 1.7909638113014974e+33
20307003.0 6685.086022748307 46157.29162533625 1.7841929464333597e+33
20407003.0 6684.667384705872 46107.608631209296 1.777422081565222e+33
20507003.0 6684.2487466634375 46057.925637082335 1.7706512166970844e+33
20607003.0 6683.830108621003 46008.242642955374 1.7638803518289468e+33
20707003.0 6683.411470578568 45958.55964882842 1.7571094869608088e+33
20807003.0 6682.992832536133 45908.87665470146 1.7503386220926712e+33
20907003.0 6682.574194493699 45859.1936605745 1.7435677572245338e+33
21007003.0 6682.155556451264 45809.510666447546 1.7367968923563962e+33
21107003.0 6681.736918408829 45759.827672320585 1.7300260274882582e+33
21207003.0 6681.318280366395 45710.144678193625 1.7232551626201206e+33
21307003.0 6680.8996423239605 45660.46168406667 1.716484297751983e+33
21407003.0 6680.481004281525 45610.77868993971 1.7097134328838452e+33
21507003.0 6680.062366239091 45561.09569581276 1.7029425680157076e+33
21607003.0 6679.643728196656 45511.4127016858 1.69617170314757e+33
21707003.0 6679.225090154221 45461.729707558836 1.6894008382794323e+33
21807003.0 6678.806452111787 45412.04671343188 1.6826299734112946e+33
21907003.0 6678.387814069352 45362.36371930492 1.675859108543157e+33
22007003.0 6677.969176026917 45312.68072517797 1.669088243675019e+33
22107003.0 6677.550537984483 45262.99773105101 1.6623173788068814e+33
22207003.0 6677.131899942048 45213.31473692405 1.655546513938744e+33
22307003.0 6676.713261899613 45163.63174279709 1.6487756490706063e+33
22407003.0 6676.2946238571785 45113.94874867013 1.6420047842024684e+33
22507003.0 6675.875985814744 45064.26575454317 1.6352339193343307e+33
22607003.0 6675.45734777231 45014.58276041622 1.628463054466193e+33
22707003.0 6675.038709729874 44964.89976628926 1.6216921895980554e+33
22807003.0 6674.62007168744 44915.2167721623 1.6149213247299178e+33
22907003.0 6674.201433645006 44865.533778035344 1.60815045986178e+33
23007003.0 6673.78279560257 44815.85078390838 1.6013795949936425e+33
23107003.0 6673.364157560136 44766.16778978142 1.5946087301255048e+33
23207003.0 6672.9455195177015 44716.48479565447 1.5878378652573671e+33
23307003.0 6672.526881475266 44666.80180152751 1.5810670003892295e+33
23407003.0 6672.108243432832 44617.118807400555 1.5742961355210918e+33
23507003.0 6671.689605390397 44567.435813273594 1.5675252706529542e+33
23607003.0 6671.270967347962 44517.75281914663 1.5607544057848165e+33
23707003.0 6670.852329305528 44468.06982501968 1.553983540916679e+33
23807003.0 6670.433691263093 44418.38683089272 1.5472126760485412e+33
23907003.0 6670.015053220659 44368.70383676576 1.5404418111804036e+33
24007003.0 6669.596415178224 44319.020842638805 1.533670946312266e+33
24107003.0 6669.177777135789 44269.337848511845 1.5269000814441282e+33
24207003.0 6668.759139093355 44219.65485438489 1.5201292165759906e+33
24307003.0 6668.34050105092 44169.97186025793 1.513358351707853e+33
24407003.0 6667.921863008485 44120.28886613097 1.5065874868397153e+33
24507003.0 6667.503224966051 44070.60587200402 1.4998166219715776e+33
24607003.0 6667.0845869236155 44020.922877877056 1.49304575710344e+33
24707003.0 6666.665948881181 43971.239883750095 1.4862748922353023e+33
24807003.0 6666.247310838747 43921.55688962314 1.4795040273671647e+33
24907003.0 6665.828672796312 43871.87389549618 1.472733162499027e+33
25007003.0 6665.410034753877 43822.19090136922 1.4659622976308893e+33
25107003.0 6664.991396711443 43772.50790724227 1.4591914327627517e+33
25207003.0 6664.572758669008 43722.824913115306 1.452420567894614e+33
25307003.0 6664.154120626573 43673.141918988345 1.4456497030264764e+33
25407003.0 6663.7354825841385 43623.45892486139 1.4388788381583387e+33
25507003.0 6663.316844541704 43573.77593073443 1.432107973290201e+33
25607003.0 6662.898206499269 43524.09293660747 1.425337108422063e+33
25707003.0 6662.479568456834 43474.40994248052 1.4185662435539255e+33
25807003.0 6662.0609304144 43424.72694835356 1.4117953786857878e+33
25907003.0 6661.642292371965 43375.043954226596 1.4050245138176502e+33
26007003.0 6661.22365432953 43325.36096009964 1.3982536489495128e+33
26107003.0 6660.805016287096 43275.67796597269 1.391482784081375e+33
26207003.0 6660.3863782446615 43225.99497184573 1.3847119192132375e+33
26307003.0 6659.967740202226 43176.31197771877 1.3779410543450998e+33
26407003.0 6659.549102159792 43126.628983591814 1.371170189476962e+33
26507003.0 6659.130464117357 43076.94598946485 1.3643993246088242e+33
26607003.0 6658.711826074922 43027.26299533789 1.3576284597406866e+33
26707003.0 6658.293188032488 42977.58000121094 1.350857594872549e+33
26807003.0 6657.874549990053 42927.89700708398 1.3440867300044112e+33
26907003.0 6657.455911947618 42878.21401295702 1.3373158651362736e+33
27007003.0 6657.037273905184 42828.531018830065 1.330545000268136e+33
27107003.0 6656.618635862749 42778.848024703104 1.3237741353999983e+33
27207003.0 6656.199997820314 42729.16503057614 1.3170032705318603e+33
27307003.0 6655.7813597778795 42679.48203644919 1.3102324056637227e+33
27407003.0 6655.362721735445 42629.79904232223 1.3034615407955853e+33
27507003.0 6654.944083693011 42580.11604819527 1.2966906759274477e+33
27607003.0 6654.525445650575 42530.433054068315 1.28991981105931e+33
27707003.0 6654.106807608141 42480.750059941354 1.2831489461911723e+33
27807003.0 6653.688169565707 42431.0670658144 1.2763780813230347e+33
27907003.0 6653.269531523271 42381.38407168744 1.269607216454897e+33
28007003.0 6652.850893480837 42331.70107756048 1.2628363515867591e+33
28107003.0 6652.4322554384025 42282.018083433526 1.2560654867186214e+33
28207003.0 6652.013617395967 42232.335089306565 1.2492946218504838e+33
28307003.0 6651.594979353533 42182.65209517961 1.2425237569823461e+33
28407003.0 6651.176341311098 42132.96910105265 1.2357528921142085e+33
28507003.0 6650.757703268663 42083.28610692569 1.2289820272460708e+33
28607003.0 6650.339065226229 42033.60311279874 1.2222111623779332e+33
28707003.0 6649.920427183794 41983.92011867178 1.2154402975097958e+33
28807003.0 6649.50178914136 41934.237124544816 1.2086694326416578e+33
28907003.0 6649.083151098925 41884.55413041786 1.2018985677735202e+33
29007003.0 6648.66451305649 41834.8711362909 1.1951277029053825e+33
29107003.0 6648.245875014056 41785.18814216394 1.1883568380372449e+33
29207003.0 6647.827236971621 41735.50514803699 1.1815859731691072e+33
29307003.0 6647.408598929186 41685.82215391003 1.1748151083009696e+33
29407003.0 6646.989960886752 41636.139159783066 1.1680442434328319e+33
29507003.0 6646.5713228443165 41586.45616565611 1.1612733785646943e+33
29607003.0 6646.152684801882 41536.77317152915 1.1545025136965566e+33
29707003.0 6645.734046759448 41487.09017740219 1.147731648828419e+33
29807003.0 6645.315408717012 41437.40718327524 1.1409607839602813e+33
29907003.0 6644.896770674578 41387.72418914828 1.1341899190921433e+33
30007003.0 6644.478132632144 41338.04119502132 1.1274190542240057e+33
30107003.0 6644.059494589709 41288.35820089436 1.1206481893558683e+33
30207003.0 6643.640856547274 41238.67520676741 1.1138773244877307e+33
30307003.0 6643.2222185048395 41188.99221264045 1.107106459619593e+33
30407003.0 6642.803580462405 41139.30921851349 1.1003355947514553e+33
30507003.0 6642.38494241997 41089.626224386535 1.0935647298833177e+33
30607003.0 6641.966304377535 41039.943230259574 1.08679386501518e+33
30707003.0 6641.547666335101 40990.26023613261 1.0800230001470421e+33
30807003.0 6641.129028292666 40940.57724200566 1.0732521352789044e+33
30907003.0 6640.710390250231 40890.8942478787 1.0664812704107668e+33
31007003.0 6640.291752207797 40841.21125375174 1.0597104055426291e+33
31107003.0 6639.873114165362 40791.528259624785 1.0529395406744915e+33
31207003.0 6639.454476122927 40741.845265497825 1.0461686758063538e+33
31307003.0 6639.035838080493 40692.162271370864 1.0393978109382162e+33
31407003.0 6638.617200038058 40642.47927724391 1.0326269460700785e+33
31507003.0 6638.198561995623 40592.79628311695 1.0258560812019408e+33
31607003.0 6637.779923953189 40543.11328898999 1.0190852163338032e+33
31707003.0 6637.361285910754 40493.430294863036 1.0123143514656655e+33
31807003.0 6636.942647868319 40443.747300736075 1.0055434865975279e+33
31907003.0 6636.524009825885 40394.064306609114 9.987726217293902e+32
32007003.0 6636.10537178345 40344.38131248216 9.920017568612526e+32
32107003.0 6635.686733741015 40294.6983183552 9.852308919931149e+32
32207003.0 6635.2680956985805 40245.01532422825 9.784600271249773e+32
32307003.0 6634.849457656146 40195.332330101286 9.716891622568396e+32
32407003.0 6634.430819613712 40145.649335974325 9.64918297388702e+32
32507003.0 6634.012181571276 40095.96634184737 9.58147432520564e+32
32607003.0 6633.593543528842 40046.28334772041 9.513765676524263e+32
32707003.0 6633.174905486408 39996.60035359346 9.446057027842887e+32
32807003.0 6632.756267443972 39946.9173594665 9.378348379161513e+32
32907003.0 6632.337629401538 39897.23436533954 9.310639730480137e+32
33007003.0 6631.9189913591035 39847.55137121258 9.24293108179876e+32
33107003.0 6631.500353316668 39797.86837708562 9.175222433117384e+32
33207003.0 6631.081715274234 39748.18538295866 9.107513784436007e+32
33307003.0 6630.663077231799 39698.50238883171 9.039805135754628e+32
33407003.0 6630.244439189364 39648.81939470475 8.972096487073251e+32
33507003.0 6629.82580114693 39599.13640057779 8.904387838391874e+32
33607003.0 6629.407163104495 39549.45340645083 8.836679189710498e+32
33707003.0 6628.988525062061 39499.77041232387 8.768970541029121e+32
33807003.0 6628.569887019626 39450.08741819691 8.701261892347745e+32
33907003.0 6628.151248977191 39400.40442406996 8.633553243666368e+32
34007003.0 6627.732610934757 39350.721429943 8.565844594984992e+32
34107003.0 6627.3139728923215 39301.03843581604 8.498135946303615e+32
34207003.0 6626.895334849887 39251.355441689084 8.430427297622238e+32
34307003.0 6626.476696807453 39201.67244756213 8.362718648940862e+32
34407003.0 6626.058058765017 39151.98945343517 8.295010000259485e+32
34507003.0 6625.639420722583 39102.30645930821 8.227301351578109e+32
34607003.0 6625.220782680149 39052.623465181256 8.159592702896732e+32
34707003.0 6624.802144637713 39002.940471054295 8.091884054215356e+32
34807003.0 6624.383506595279 38953.257476927334 8.024175405533979e+32
34907003.0 6623.964868552845 38903.57448280038 7.956466756852603e+32
35007003.0 6623.54623051041 38853.89148867342 7.888758108171226e+32
35107003.0 6623.127592467975 38804.20849454646 7.82104945948985e+32
35207003.0 6622.7089544255405 38754.525500419506 7.75334081080847e+32
35307003.0 6622.290316383106 38704.842506292545 7.685632162127093e+32
35407003.0 6621.871678340671 38655.159512165585 7.617923513445717e+32
35507003.0 6621.453040298236 38605.47651803863 7.55021486476434e+32
35607003.0 6621.034402255802 38555.79352391167 7.482506216082967e+32
35707003.0 6620.615764213367 38506.11052978471 7.41479756740159e+32
35807003.0 6620.197126170932 38456.42753565776 7.347088918720214e+32
35907003.0 6619.778488128498 38406.744541530796 7.279380270038837e+32
36007003.0 6619.359850086063 38357.061547403835 7.211671621357458e+32
36107003.0 6618.941212043628 38307.37855327688 7.143962972676081e+32
36207003.0 6618.522574001194 38257.69555914992 7.076254323994704e+32
36307003.0 6618.103935958759 38208.01256502296 7.008545675313328e+32
36407003.0 6617.685297916324 38158.32957089601 6.940837026631951e+32
36507003.0 6617.26665987389 38108.646576769046 6.873128377950575e+32
36607003.0 6616.961070995329 38075.00110374625 6.828910528549822e+32
36707003.0 6616.853837420496 38069.49495754965 6.825909477809725e+32
36807003.0 6616.746603845664 38063.988811353054 6.822908427069627e+32
36907003.0 6616.639370270832 38058.48266515646 6.819907376329529e+32
37007003.0 6616.532136696 38052.97651895986 6.816906325589432e+32
37107003.0 6616.4249031211675 38047.470372763266 6.813905274849334e+32
37207003.0 6616.317669546335 38041.96422656667 6.810904224109235e+32
37307003.0 6616.210435971503 38036.458080370074 6.807903173369137e+32
37407003.0 6616.10320239667 38030.95193417348 6.80490212262904e+32
37507003.0 6615.995968821838 38025.44578797688 6.801901071888942e+32
37607003.0 6615.888735247006 38019.939641780285 6.798900021148844e+32
37707003.0 6615.781501672173 38014.43349558369 6.795898970408746e+32
37807003.0 6615.674268097341 38008.92734938709 6.792897919668649e+32
37907003.0 6615.567034522509 38003.4212031905 6.789896868928551e+32
38007003.0 6615.459800947677 37997.9150569939 6.786895818188452e+32
38107003.0 6615.3525673728445 37992.408910797305 6.783894767448354e+32
38207003.0 6615.245333798012 37986.90276460071 6.780893716708257e+32
38307003.0 6615.13810022318 37981.39661840411 6.777892665968159e+32
38407003.0 6615.030866648348 37975.89047220752 6.774891615228061e+32
38507003.0 6614.923633073516 37970.38432601092 6.771890564487964e+32
38607003.0 6614.816399498683 37964.878179814325 6.768889513747866e+32
38707003.0 6614.70916592385 37959.37203361773 6.765888463007768e+32
38807003.0 6614.601932349018 37953.86588742113 6.76288741226767e+32
38907003.0 6614.494698774186 37948.359741224536 6.759886361527571e+32
39007003.0 6614.387465199354 37942.85359502794 6.756885310787474e+32
39107003.0 6614.280231624522 37937.34744883134 6.753884260047376e+32
39207003.0 6614.172998049689 37931.84130263474 6.750883209307278e+32
39307003.0 6614.065764474857 37926.335156438145 6.747882158567181e+32
39407003.0 6613.958530900025 37920.82901024155 6.744881107827083e+32
39507003.0 6613.851297325193 37915.32286404495 6.741880057086985e+32
39607003.0 6613.7440637503605 37909.816717848356 6.738879006346888e+32
39707003.0 6613.636830175528 37904.31057165176 6.73587795560679e+32
39807003.0 6613.529596600696 37898.804425455164 6.732876904866691e+32
39907003.0 6613.422363025863 37893.29827925857 6.729875854126593e+32
40007003.0 6613.315129451031 37887.79213306197 6.726874803386496e+32
40107003.0 6613.207895876199 37882.285986865376 6.723873752646398e+32
40207003.0 6613.100662301366 37876.77984066878 6.7208727019063e+32
40307003.0 6612.993428726534 37871.273694472184 6.717871651166203e+32
40407003.0 6612.886195151702 37865.76754827559 6.714870600426105e+32
40507003.0 6612.77896157687 37860.26140207899 6.711869549686007e+32
40607003.0 6612.6717280020375 37854.755255882395 6.708868498945908e+32
40707003.0 6612.564494427205 37849.2491096858 6.70586744820581e+32
40807003.0 6612.457260852373 37843.7429634892 6.702866397465713e+32
40907003.0 6612.350027277541 37838.23681729261 6.699865346725615e+32
41007003.0 6612.242793702709 37832.73067109601 6.696864295985517e+32
41107003.0 6612.1355601278765 37827.224524899415 6.69386324524542e+32
41207003.0 6612.028326553043 37821.71837870282 6.690862194505322e+32
41307003.0 6611.921092978211 37816.21223250622 6.687861143765224e+32
41407003.0 6611.813859403379 37810.70608630963 6.684860093025127e+32
41507003.0 6611.706625828547 37805.19994011303 6.681859042285028e+32
41607003.0 6611.5993922537145 37799.69379391643 6.67885799154493e+32
41707003.0 6611.492158678882 37794.18764771983 6.675856940804832e+32
41807003.0 6611.38492510405 37788.681501523235 6.672855890064735e+32
41907003.0 6611.277691529218 37783.17535532664 6.669854839324637e+32
42007003.0 6611.170457954386 37777.66920913004 6.66685378858454e+32
42107003.0 6611.0632243795535 37772.16306293345 6.663852737844442e+32
42207003.0 6610.955990804721 37766.65691673685 6.660851687104344e+32
42307003.0 6610.848757229889 37761.150770540255 6.657850636364246e+32
42407003.0 6610.741523655056 37755.64462434366 6.654849585624147e+32
42507003.0 6610.634290080224 37750.13847814706 6.65184853488405e+32
42607003.0 6610.527056505392 37744.632331950466 6.648847484143952e+32
42707003.0 6610.419822930559 37739.12618575387 6.645846433403854e+32
42807003.0 6610.312589355727 37733.620039557274 6.642845382663757e+32
42907003.0 6610.205355780895 37728.11389336068 6.639844331923659e+32
43007003.0 6610.098122206063 37722.60774716408 6.636843281183561e+32
43107003.0 6609.9908886312305 37717.101600967486 6.633842230443464e+32
43207003.0 6609.883655056398 37711.59545477089 6.630841179703366e+32
43307003.0 6609.776421481566 37706.089308574294 6.627840128963267e+32
43407003.0 6609.669187906734 37700.5831623777 6.624839078223169e+32
43507003.0 6609.561954331902 37695.0770161811 6.621838027483071e+32
43607003.0 6609.4547207570695 37689.570869984505 6.618836976742974e+32
43707003.0 6609.347487182236 37684.06472378791 6.615835926002876e+32
43807003.0 6609.240253607404 37678.55857759131 6.612834875262778e+32
43907003.0 6609.133020032572 37673.05243139472 6.609833824522681e+32
44007003.0 6609.02578645774 37667.54628519812 6.606832773782583e+32
44107003.0 6608.9185528829075 37662.040139001525 6.603831723042484e+32
44207003.0 6608.811319308075 37656.53399280492 6.600830672302386e+32
44307003.0 6608.704085733243 37651.027846608325 6.597829621562289e+32
44407003.0 6608.596852158411 37645.52170041173 6.594828570822191e+32
44507003.0 6608.489618583579 37640.01555421513 6.591827520082093e+32
44607003.0 6608.3823850087465 37634.50940801854 6.588826469341996e+32
44707003.0 6608.275151433914 37629.00326182194 6.585825418601898e+32
44807003.0 6608.167917859082 37623.497115625345 6.5828243678618e+32
44907003.0 6608.060684284249 37617.99096942875 6.579823317121703e+32
45007003.0 6607.953450709417 37612.48482323215 6.576822266381603e+32
45107003.0 6607.846217134585 37606.97867703556 6.573821215641506e+32
45207003.0 6607.738983559752 37601.47253083896 6.570820164901408e+32
45307003.0 6607.63174998492 37595.966384642365 6.56781911416131e+32
45407003.0 6607.524516410088 37590.46023844577 6.564818063421213e+32
45507003.0 6607.417282835256 37584.95409224917 6.561817012681115e+32
45607003.0 6607.3100492604235 37579.447946052576 6.558815961941017e+32
45707003.0 6607.202815685591 37573.94179985598 6.55581491120092e+32
45807003.0 6607.095582110759 37568.435653659384 6.55281386046082e+32
45907003.0 6606.988348535927 37562.92950746279 6.549812809720723e+32
46007003.0 6606.881114961095 37557.42336126619 6.546811758980625e+32
46107003.0 6606.7738813862625 37551.917215069596 6.543810708240528e+32
46207003.0 6606.666647811429 37546.411068873 6.54080965750043e+32
46307003.0 6606.559414236597 37540.904922676404 6.537808606760332e+32
46407003.0 6606.452180661765 37535.39877647981 6.534807556020235e+32
46507003.0 6606.344947086933 37529.89263028321 6.531806505280137e+32
46607003.0 6606.2377135121005 37524.386484086615 6.52880545454004e+32
46707003.0 6606.130479937268 37518.88033789001 6.525804403799942e+32
46807003.0 6606.023246362436 37513.374191693416 6.522803353059843e+32
46907003.0 6605.916012787604 37507.86804549682 6.519802302319745e+32
47007003.0 6605.808779212772 37502.361899300224 6.516801251579647e+32
47107003.0 6605.7015456379395 37496.85575310363 6.51380020083955e+32
47207003.0 6605.594312063107 37491.34960690703 6.510799150099452e+32
47307003.0 6605.487078488275 37485.843460710435 6.507798099359354e+32
47407003.0 6605.379844913442 37480.33731451384 6.504797048619257e+32
47507003.0 6605.27261133861 37474.83116831724 6.501795997879159e+32
47607003.0 6605.1653777637775 37469.32502212065 6.49879494713906e+32
47707003.0 6605.058144188945 37463.81887592405 6.495793896398962e+32
47807003.0 6604.950910614113 37458.312729727455 6.492792845658864e+32
47907003.0 6604.843677039281 37452.80658353086 6.489791794918767e+32
48007003.0 6604.736443464449 37447.30043733426 6.486790744178669e+32
48107003.0 6604.6292098896165 37441.79429113767 6.4837896934385714e+32
48207003.0 6604.521976314784 37436.28814494107 6.480788642698474e+32
48307003.0 6604.414742739952 37430.781998744475 6.477787591958375e+32
48407003.0 6604.30750916512 37425.27585254788 6.474786541218278e+32
48507003.0 6604.200275590288 37419.76970635128 6.47178549047818e+32
48607003.0 6604.0930420154555 37414.263560154686 6.468784439738082e+32
48707003.0 6603.985808440622 37408.75741395809 6.465783388997984e+32
48807003.0 6603.87857486579 37403.251267761494 6.462782338257886e+32
48907003.0 6603.771341290958 37397.7451215649 6.4597812875177886e+32
49007003.0 6603.664107716126 37392.2389753683 6.456780236777691e+32
49107003.0 6603.5568741412935 37386.732829171706 6.4537791860375925e+32
49207003.0 6603.449640566461 37381.22668297511 6.450778135297495e+32
49307003.0 6603.342406991629 37375.720536778506 6.447777084557397e+32
49407003.0 6603.235173416797 37370.21439058191 6.4447760338172995e+32
49507003.0 6603.127939841965 37364.708244385314 6.441774983077202e+32
49607003.0 6603.0207062671325 37359.20209818872 6.4387739323371034e+32
49707003.0 6602.9134726923 37353.69595199212 6.435772881597006e+32
49807003.0 6602.806239117468 37348.189805795526 6.432771830856908e+32
49907003.0 6602.699005542635 37342.68365959893 6.4297707801168104e+32
50007003.0 6602.591771967803 37337.177513402334 6.426769729376712e+32
50107003.0 6602.4845383929705 37331.67136720574 6.4237686786366144e+32
50207003.0 6602.377304818138 37326.16522100914 6.420767627896517e+32
50307003.0 6602.270071243306 37320.659074812545 6.417766577156419e+32
50407003.0 6602.162837668474 37315.15292861595 6.4147655264163206e+32
50507003.0 6602.055604093642 37309.64678241935 6.411764475676223e+32
50607003.0 6601.9483705188095 37304.14063622276 6.408763424936125e+32
50707003.0 6601.841136943977 37298.63449002616 6.4057623741960276e+32
50807003.0 6601.733903369145 37293.128343829565 6.40276132345593e+32
50907003.0 6601.626669794313 37287.62219763297 6.3997602727158316e+32
51007003.0 6601.519436219481 37282.11605143637 6.396759221975734e+32
51107003.0 6601.4122026446485 37276.60990523978 6.393758171235636e+32
51207003.0 6601.304969069815 37271.10375904318 6.3907571204955386e+32
51307003.0 6601.197735494983 37265.597612846585 6.38775606975544e+32
51407003.0 6601.090501920151 37260.09146664999 6.3847550190153425e+32
51507003.0 6600.983268345319 37254.58532045339 6.381753968275245e+32
51607003.0 6600.8760347704865 37249.079174256796 6.378752917535147e+32
51707003.0 6600.768801195654 37243.5730280602 6.3757518667950495e+32
51807003.0 6600.661567620822 37238.066881863604 6.372750816054951e+32
51907003.0 6600.55433404599 37232.560735667 6.3697497653148534e+32
52007003.0 6600.447100471158 37227.054589470405 6.366748714574756e+32
52107003.0 6600.3398668963255 37221.54844327381 6.363747663834658e+32
52207003.0 6600.232633321493 37216.04229707721 6.36074661309456e+32
52307003.0 6600.125399746661 37210.536150880616 6.357745562354462e+32
52407003.0 6600.018166171829 37205.03000468402 6.354744511614364e+32
52507003.0 6599.910932596996 37199.523858487424 6.351743460874267e+32
52607003.0 6599.8036990221635 37194.01771229083 6.348742410134168e+32
52707003.0 6599.696465447331 37188.51156609423 6.3457413593940706e+32
52807003.0 6599.589231872499 37183.005419897636 6.342740308653973e+32
52907003.0 6599.481998297667 37177.49927370104 6.339739257913875e+32
53007003.0 6599.374764722835 37171.993127504444 6.336738207173777e+32
53107003.0 6599.2675311480025 37166.48698130785 6.333737156433679e+32
53207003.0 6599.16029757317 37160.98083511125 6.3307361056935815e+32
53307003.0 6599.053063998338 37155.474688914655 6.327735054953484e+32
53407003.0 6598.945830423506 37149.96854271806 6.324734004213386e+32
53507003.0 6598.838596848674 37144.46239652146 6.321732953473288e+32
53607003.0 6598.731363273841 37138.95625032487 6.31873190273319e+32
53707003.0 6598.624129699008 37133.45010412827 6.3157308519930925e+32
53807003.0 6598.516896124176 37127.943957931675 6.312729801252995e+32
53907003.0 6598.409662549344 37122.43781173508 6.3097287505128964e+32
54007003.0 6598.302428974512 37116.93166553848 6.306727699772799e+32
54107003.0 6598.1951953996795 37111.42551934189 6.303726649032701e+32
54207003.0 6598.087961824847 37105.91937314529 6.3007255982926034e+32
54307003.0 6597.980728250015 37100.413226948695 6.297724547552506e+32
54407003.0 6597.873494675183 37094.90708075209 6.294723496812407e+32
54507003.0 6597.766261100351 37089.400934555495 6.29172244607231e+32
54607003.0 6597.6590275255185 37083.8947883589 6.288721395332212e+32
54707003.0 6597.551793950686 37078.3886421623 6.285720344592114e+32
54807003.0 6597.444560375854 37072.88249596571 6.282719293852016e+32
54907003.0 6597.337326801022 37067.37634976911 6.279718243111918e+32
55007003.0 6597.230093226189 37061.870203572515 6.2767171923718206e+32
55107003.0 6597.1228596513565 37056.36405737592 6.273716141631723e+32
55207003.0 6597.015626076524 37050.85791117932 6.270715090891625e+32
55307003.0 6596.908392501692 37045.351764982726 6.267714040151527e+32
55407003.0 6596.80115892686 37039.84561878613 6.264712989411429e+32
55507003.0 6596.693925352028 37034.339472589534 6.2617119386713315e+32
55607003.0 6596.5866917771955 37028.83332639294 6.258710887931233e+32
55707003.0 6596.479458202363 37023.32718019634 6.2557098371911355e+32
55807003.0 6596.372224627531 37017.821033999746 6.252708786451038e+32
55907003.0 6596.264991052699 37012.31488780315 6.24970773571094e+32
56007003.0 6596.157757477867 37006.808741606554 6.2467066849708425e+32
56107003.0 6596.050523903034 37001.30259540996 6.243705634230745e+32
56207003.0 6595.943290328201 36995.79644921336 6.2407045834906464e+32
56307003.0 6595.836056753369 36990.290303016765 6.237703532750549e+32
56407003.0 6595.728823178537 36984.78415682017 6.234702482010451e+32
56507003.0 6595.621589603705 36979.27801062357 6.231701431270353e+32
56607003.0 6595.5143560288725 36973.77186442698 6.228700380530255e+32
56707003.0 6595.40712245404 36968.26571823038 6.225699329790157e+32
56807003.0 6595.299888879208 36962.759572033785 6.22269827905006e+32
56907003.0 6595.192655304376 36957.25342583719 6.219697228309962e+32
57007003.0 6595.085421729544 36951.747279640585 6.2166961775698636e+32
57107003.0 6594.9781881547115 36946.24113344399 6.213695126829766e+32
57207003.0 6594.870954579879 36940.73498724739 6.210694076089668e+32
57307003.0 6594.763721005047 36935.2288410508 6.2076930253495706e+32
57407003.0 6594.656487430215 36929.7226948542 6.204691974609472e+32
57507003.0 6594.549253855382 36924.216548657605 6.2016909238693745e+32
57607003.0 6594.4420202805495 36918.71040246101 6.198689873129277e+32
57707003.0 6594.334786705717 36913.20425626441 6.195688822389179e+32
57807003.0 6594.227553130885 36907.69811006782 6.1926877716490815e+32
57907003.0 6594.120319556053 36902.19196387122 6.189686720908983e+32
58007003.0 6594.013085981221 36896.685817674625 6.1866856701688854e+32
58107003.0 6593.9058524063885 36891.17967147803 6.183684619428788e+32
58207003.0 6593.798618831556 36885.67352528143 6.1806835686886894e+32
58307003.0 6593.691385256724 36880.167379084836 6.177682517948592e+32
58407003.0 6593.584151681892 36874.66123288824 6.174681467208494e+32
58507003.0 6593.47691810706 36869.155086691644 6.1716804164683964e+32
58607003.0 6593.369684532227 36863.64894049505 6.168679365728299e+32
58707003.0 6593.262450957394 36858.14279429845 6.165678314988201e+32
58807003.0 6593.155217382562 36852.636648101856 6.162677264248103e+32
58907003.0 6593.04798380773 36847.13050190526 6.159676213508005e+32
59007003.0 6592.940750232898 36841.624355708664 6.156675162767907e+32
59107003.0 6592.8335166580655 36836.11820951207 6.153674112027809e+32
59207003.0 6592.726283083233 36830.61206331547 6.150673061287711e+32
59307003.0 6592.619049508401 36825.105917118875 6.1476720105476136e+32
59407003.0 6592.511815933569 36819.59977092228 6.144670959807516e+32
59507003.0 6592.404582358737 36814.093624725676 6.141669909067418e+32
59607003.0 6592.297348783904 36808.58747852908 6.13866885832732e+32
59707003.0 6592.190115209072 36803.081332332484 6.135667807587222e+32
59807003.0 6592.08288163424 36797.57518613589 6.1326667568471245e+32
59907003.0 6591.975648059408 36792.06903993929 6.129665706107027e+32
60007003.0 6591.868414484575 36786.562893742695 6.1266646553669284e+32
60107003.0 6591.7611809097425 36781.0567475461 6.123663604626831e+32
60207003.0 6591.65394733491 36775.5506013495 6.120662553886733e+32
60307003.0 6591.546713760078 36770.04445515291 6.1176615031466354e+32
60407003.0 6591.439480185246 36764.53830895631 6.114660452406538e+32
60507003.0 6591.332246610414 36759.032162759715 6.1116594016664394e+32
60607003.0 6591.2250130355815 36753.52601656312 6.108658350926342e+32
60707003.0 6591.117779460749 36748.01987036652 6.105657300186244e+32
60807003.0 6591.010545885917 36742.51372416993 6.1026562494461456e+32
60907003.0 6590.903312311085 36737.00757797333 6.099655198706048e+32
61007003.0 6590.796078736253 36731.501431776735 6.09665414796595e+32
61107003.0 6590.68884516142 36725.99528558014 6.0936530972258526e+32
61207003.0 6590.581611586587 36720.48913938354 6.090652046485755e+32
61307003.0 6590.474378011755 36714.982993186946 6.087650995745657e+32
61407003.0 6590.367144436923 36709.47684699035 6.084649945005559e+32
61507003.0 6590.259910862091 36703.970700793754 6.081648894265461e+32
61607003.0 6590.1526772872585 36698.46455459716 6.0786478435253636e+32
61707003.0 6590.045443712426 36692.95840840056 6.075646792785265e+32
61807003.0 6589.938210137594 36687.452262203966 6.0726457420451675e+32
61907003.0 6589.830976562762 36681.94611600737 6.06964469130507e+32
62007003.0 6589.72374298793 36676.43996981077 6.066643640564972e+32
62107003.0 6589.616509413097 36670.93382361417 6.0636425898248745e+32
62207003.0 6589.509275838265 36665.427677417574 6.060641539084776e+32
62307003.0 6589.402042263433 36659.92153122098 6.0576404883446784e+32
62407003.0 6589.294808688601 36654.41538502438 6.054639437604581e+32
62507003.0 6589.187575113768 36648.909238827786 6.051638386864483e+32
62607003.0 6589.0803415389355 36643.40309263119 6.048637336124385e+32
62707003.0 6588.973107964103 36637.896946434594 6.045636285384287e+32
62807003.0 6588.865874389271 36632.390800238 6.042635234644189e+32
62907003.0 6588.758640814439 36626.8846540414 6.039634183904092e+32
63007003.0 6588.651407239607 36621.378507844805 6.036633133163994e+32
63107003.0 6588.5441736647745 36615.87236164821 6.0336320824238956e+32
63207003.0 6588.436940089942 36610.36621545161 6.030631031683798e+32
63307003.0 6588.32970651511 36604.86006925502 6.0276299809437e+32
63407003.0 6588.222472940278 36599.35392305842 6.024628930203602e+32
63507003.0 6588.115239365446 36593.847776861825 6.021627879463504e+32
63607003.0 6588.008005790613 36588.34163066523 6.0186268287234065e+32
63707003.0 6587.90077221578 36582.83548446863 6.015625777983309e+32
63807003.0 6587.793538640948 36577.32933827204 6.012624727243211e+32
63907003.0 6587.686305066116 36571.82319207544 6.0096236765031135e+32
64007003.0 6587.579071491284 36566.317045878845 6.006622625763015e+32
64107003.0 6587.4718379164515 36560.81089968225 6.0036215750229175e+32
64207003.0 6587.364604341619 36555.30475348565 6.00062052428282e+32
64307003.0 6587.257370766787 36549.798607289056 5.9976194735427214e+32
64407003.0 6587.150137191955 36544.29246109246 5.994618422802624e+32
64507003.0 6587.042903617123 36538.786314895864 5.991617372062526e+32
64607003.0 6586.93567004229 36533.28016869926 5.9886163213224284e+32
64707003.0 6586.828436467458 36527.774022502665 5.985615270582331e+32
64807003.0 6586.721202892626 36522.26787630607 5.982614219842233e+32
64907003.0 6586.613969317794 36516.76173010947 5.979613169102135e+32
65007003.0 6586.506735742961 36511.255583912876 5.976612118362037e+32
65107003.0 6586.3995021681285 36505.74943771628 5.973611067621939e+32
65207003.0 6586.292268593296 36500.243291519684 5.970610016881841e+32
65307003.0 6586.185035018464 36494.73714532309 5.967608966141743e+32
65407003.0 6586.077801443632 36489.23099912649 5.9646079154016456e+32
65507003.0 6585.9705678688 36483.724852929896 5.961606864661548e+32
65607003.0 6585.8633342939675 36478.2187067333 5.95860581392145e+32
65707003.0 6585.756100719135 36472.712560536704 5.9556047631813526e+32
65807003.0 6585.648867144303 36467.20641434011 5.952603712441254e+32
65907003.0 6585.541633569471 36461.70026814351 5.9496026617011565e+32
66007003.0 6585.434399994639 36456.194121946915 5.946601610961059e+32
66107003.0 6585.327166419806 36450.68797575032 5.9436005602209605e+32
66207003.0 6585.219932844974 36445.18182955372 5.940599509480863e+32
66307003.0 6585.112699270141 36439.67568335713 5.937598458740765e+32
66407003.0 6585.005465695309 36434.16953716053 5.9345974080006675e+32
66507003.0 6584.898232120477 36428.663390963935 5.93159635726057e+32
66607003.0 6584.7909985456445 36423.15724476734 5.9285953065204714e+32
66707003.0 6584.683764970812 36417.65109857074 5.925594255780374e+32
66807003.0 6584.57653139598 36412.14495237415 5.922593205040276e+32
66907003.0 6584.469297821148 36406.63880617755 5.919592154300178e+32
67007003.0 6584.362064246316 36401.132659980954 5.91659110356008e+32
67107003.0 6584.254830671483 36395.62651378436 5.913590052819982e+32
67207003.0 6584.147597096651 36390.120367587755 5.910589002079885e+32
67307003.0 6584.040363521819 36384.61422139116 5.907587951339787e+32
67407003.0 6583.933129946987 36379.10807519456 5.904586900599689e+32
67507003.0 6583.825896372154 36373.60192899797 5.901585849859591e+32
67607003.0 6583.7186627973215 36368.09578280137 5.898584799119493e+32
67707003.0 6583.611429222489 36362.589636604775 5.8955837483793956e+32
67807003.0 6583.504195647657 36357.08349040818 5.892582697639297e+32
67907003.0 6583.396962072825 36351.57734421158 5.8895816468991995e+32
68007003.0 6583.289728497993 36346.071198014986 5.886580596159102e+32
68107003.0 6583.18249492316 36340.56505181839 5.883579545419004e+32
68207003.0 6583.075261348328 36335.058905621794 5.8805784946789065e+32
68307003.0 6582.968027773496 36329.5527594252 5.877577443938809e+32
68407003.0 6582.860794198664 36324.0466132286 5.8745763931987104e+32
68507003.0 6582.753560623832 36318.540467032006 5.871575342458613e+32
68607003.0 6582.646327048999 36313.03432083541 5.868574291718515e+32
68707003.0 6582.539093474167 36307.528174638814 5.865573240978417e+32
68807003.0 6582.431859899334 36302.02202844222 5.862572190238319e+32
68907003.0 6582.324626324502 36296.51588224562 5.8595711394982214e+32
69007003.0 6582.21739274967 36291.009736049025 5.856570088758124e+32
69107003.0 6582.1101591748375 36285.50358985243 5.853569038018026e+32
69207003.0 6582.002925600005 36279.99744365583 5.850567987277928e+32
69307003.0 6581.895692025173 36274.49129745924 5.84756693653783e+32
69407003.0 6581.788458450341 36268.98515126264 5.844565885797732e+32
69507003.0 6581.681224875509 36263.479005066045 5.8415648350576346e+32
69607003.0 6581.573991300676 36257.97285886945 5.838563784317536e+32
69707003.0 6581.466757725844 36252.466712672845 5.8355627335774386e+32
69807003.0 6581.359524151012 36246.96056647625 5.832561682837341e+32
69907003.0 6581.25229057618 36241.45442027965 5.829560632097243e+32
70007003.0 6581.145057001347 36235.94827408306 5.8265595813571456e+32
70107003.0 6581.0378234265145 36230.44212788646 5.823558530617047e+32
70207003.0 6580.930589851682 36224.935981689865 5.8205574798769495e+32
70307003.0 6580.82335627685 36219.42983549327 5.817556429136852e+32
70407003.0 6580.716122702018 36213.92368929667 5.814555378396754e+32
70507003.0 6580.608889127186 36208.41754310008 5.811554327656656e+32
70607003.0 6580.501655552353 36202.91139690348 5.808553276916558e+32
70707003.0 6580.394421977521 36197.405250706885 5.8055522261764604e+32
70807003.0 6580.287188402689 36191.89910451029 5.802551175436363e+32
70907003.0 6580.179954827857 36186.39295831369 5.799550124696265e+32
71007003.0 6580.072721253025 36180.886812117096 5.796549073956167e+32
71107003.0 6579.965487678192 36175.3806659205 5.793548023216069e+32
71207003.0 6579.85825410336 36169.874519723904 5.790546972475971e+32
71307003.0 6579.751020528527 36164.36837352731 5.787545921735873e+32
71407003.0 6579.643786953695 36158.86222733071 5.784544870995775e+32
71507003.0 6579.536553378863 36153.356081134116 5.7815438202556776e+32
71607003.0 6579.4293198040305 36147.84993493752 5.77854276951558e+32
71707003.0 6579.322086229198 36142.34378874092 5.775541718775482e+32
71807003.0 6579.214852654366 36136.83764254433 5.772540668035384e+32
71907003.0 6579.107619079534 36131.33149634773 5.769539617295286e+32
72007003.0 6579.000385504702 36125.825350151135 5.7665385665551886e+32
72107003.0 6578.893151929869 36120.31920395454 5.76353751581509e+32
72207003.0 6578.785918355037 36114.81305775794 5.7605364650749925e+32
72307003.0 6578.678684780205 36109.30691156134 5.757535414334895e+32
72407003.0 6578.571451205373 36103.800765364744 5.754534363594797e+32
72507003.0 6578.46421763054 36098.29461916815 5.7515333128546995e+32
72607003.0 6578.3569840557075 36092.78847297155 5.748532262114602e+32
72707003.0 6578.249750480875 36087.282326774955 5.7455312113745034e+32
72807003.0 6578.142516906043 36081.77618057836 5.742530160634406e+32
72907003.0 6578.035283331211 36076.27003438176 5.739529109894308e+32
73007003.0 6577.928049756379 36070.76388818517 5.7365280591542104e+32
73107003.0 6577.820816181546 36065.25774198857 5.733527008414112e+32
73207003.0 6577.713582606714 36059.751595791975 5.730525957674014e+32
73307003.0 6577.606349031882 36054.24544959538 5.727524906933917e+32
73407003.0 6577.49911545705 36048.73930339878 5.724523856193819e+32
73507003.0 6577.391881882218 36043.23315720219 5.721522805453721e+32
73607003.0 6577.284648307385 36037.72701100559 5.718521754713623e+32
73707003.0 6577.177414732553 36032.220864808995 5.715520703973525e+32
73807003.0 6577.07018115772 36026.7147186124 5.7125196532334276e+32
73907003.0 6576.962947582888 36021.2085724158 5.709518602493329e+32
74007003.0 6576.855714008056 36015.702426219206 5.7065175517532315e+32
74107003.0 6576.748480433223 36010.19628002261 5.703516501013134e+32
74207003.0 6576.641246858391 36004.690133826014 5.700515450273036e+32
74307003.0 6576.534013283559 35999.18398762942 5.6975143995329385e+32
74407003.0 6576.426779708727 35993.67784143282 5.69451334879284e+32
74507003.0 6576.319546133895 35988.171695236226 5.6915122980527425e+32
74607003.0 6576.212312559062 35982.66554903963 5.688511247312645e+32
74707003.0 6576.10507898423 35977.159402843026 5.6855101965725464e+32
74807003.0 6575.997845409398 35971.65325664643 5.682509145832449e+32
74907003.0 6575.890611834566 35966.147110449834 5.679508095092351e+32
75007003.0 6575.783378259734 35960.64096425324 5.6765070443522534e+32
75107003.0 6575.6761446849005 35955.13481805664 5.673505993612156e+32
75207003.0 6575.568911110068 35949.628671860046 5.670504942872058e+32
75307003.0 6575.461677535236 35944.12252566345 5.66750389213196e+32
75407003.0 6575.354443960404 35938.616379466854 5.664502841391862e+32
75507003.0 6575.247210385572 35933.11023327026 5.661501790651764e+32
75607003.0 6575.139976810739 35927.60408707366 5.658500739911667e+32
75707003.0 6575.032743235907 35922.097940877065 5.655499689171568e+32
75807003.0 6574.925509661075 35916.59179468047 5.6524986384314706e+32
75907003.0 6574.818276086243 35911.08564848387 5.649497587691373e+32
76007003.0 6574.711042511411 35905.57950228728 5.646496536951275e+32
76107003.0 6574.603808936578 35900.07335609068 5.6434954862111776e+32
76207003.0 6574.496575361746 35894.567209894085 5.640494435471079e+32
76307003.0 6574.389341786913 35889.06106369749 5.6374933847309815e+32
76407003.0 6574.282108212081 35883.55491750089 5.634492333990884e+32
76507003.0 6574.174874637249 35878.0487713043 5.6314912832507855e+32
76607003.0 6574.067641062416 35872.5426251077 5.628490232510688e+32
76707003.0 6573.960407487584 35867.036478911104 5.62548918177059e+32
76807003.0 6573.853173912752 35861.53033271451 5.6224881310304925e+32
76907003.0 6573.74594033792 35856.02418651791 5.619487080290395e+32
77007003.0 6573.638706763088 35850.518040321316 5.616486029550297e+32
77107003.0 6573.531473188255 35845.01189412472 5.613484978810199e+32
77207003.0 6573.424239613423 35839.505747928124 5.610483928070101e+32
77307003.0 6573.317006038591 35833.99960173153 5.6074828773300034e+32
77407003.0 6573.209772463759 35828.49345553493 5.604481826589905e+32
77507003.0 6573.102538888927 35822.98730933833 5.601480775849807e+32
77607003.0 6572.9953053140935 35817.48116314173 5.59847972510971e+32
77707003.0 6572.888071739261 35811.975016945136 5.595478674369612e+32
77807003.0 6572.780838164429 35806.46887074854 5.592477623629514e+32
77907003.0 6572.673604589597 35800.962724551944 5.589476572889416e+32
78007003.0 6572.566371014765 35795.45657835535 5.586475522149318e+32
78107003.0 6572.459137439932 35789.95043215875 5.5834744714092206e+32
78207003.0 6572.3519038651 35784.444285962156 5.580473420669123e+32
78307003.0 6572.244670290268 35778.93813976556 5.5774723699290245e+32
78407003.0 6572.137436715436 35773.431993568964 5.574471319188927e+32
78507003.0 6572.030203140604 35767.92584737237 5.571470268448829e+32
78607003.0 6571.922969565771 35762.41970117577 5.5684692177087315e+32
78707003.0 6571.815735990939 35756.913554979175 5.565468166968634e+32
78807003.0 6571.708502416106 35751.40740878258 5.5624671162285354e+32
78907003.0 6571.601268841274 35745.90126258598 5.559466065488438e+32
79007003.0 6571.494035266442 35740.39511638939 5.55646501474834e+32
79107003.0 6571.386801691609 35734.88897019279 5.553463964008242e+32
79207003.0 6571.279568116777 35729.382823996195 5.550462913268144e+32
79307003.0 6571.172334541945 35723.8766777996 5.5474618625280464e+32
79407003.0 6571.065100967113 35718.370531603 5.544460811787949e+32
79507003.0 6570.957867392281 35712.86438540641 5.541459761047851e+32
79607003.0 6570.850633817448 35707.35823920981 5.5384587103077534e+32
79707003.0 6570.743400242616 35701.852093013214 5.535457659567655e+32
79807003.0 6570.636166667784 35696.34594681661 5.532456608827557e+32
79907003.0 6570.528933092952 35690.839800620015 5.5294555580874596e+32
80007003.0 6570.42169951812 35685.33365442342 5.526454507347361e+32
80107003.0 6570.314465943286 35679.82750822682 5.5234534566072636e+32
80207003.0 6570.207232368454 35674.32136203023 5.520452405867166e+32
80307003.0 6570.099998793622 35668.81521583363 5.517451355127068e+32
80407003.0 6569.99276521879 35663.309069637035 5.5144503043869706e+32
80507003.0 6569.885531643958 35657.80292344044 5.511449253646873e+32
80607003.0 6569.778298069125 35652.29677724384 5.5084482029067745e+32
80707003.0 6569.671064494293 35646.790631047246 5.505447152166677e+32
80807003.0 6569.563830919461 35641.28448485065 5.502446101426579e+32
80907003.0 6569.456597344629 35635.778338654054 5.499445050686481e+32
81007003.0 6569.349363769797 35630.27219245746 5.496443999946383e+32
81107003.0 6569.242130194964 35624.76604626086 5.4934429492062854e+32
81207003.0 6569.134896620132 35619.259900064266 5.490441898466188e+32
81307003.0 6569.027663045299 35613.75375386767 5.48744084772609e+32
81407003.0 6568.920429470467 35608.24760767107 5.484439796985992e+32
81507003.0 6568.813195895635 35602.74146147448 5.481438746245894e+32
81607003.0 6568.705962320802 35597.23531527788 5.478437695505796e+32
81707003.0 6568.59872874597 35591.729169081285 5.475436644765698e+32
81807003.0 6568.491495171138 35586.22302288469 5.4724355940256e+32
81907003.0 6568.384261596306 35580.71687668809 5.4694345432855026e+32
82007003.0 6568.277028021474 35575.2107304915 5.466433492545405e+32
82107003.0 6568.169794446641 35569.7045842949 5.463432441805307e+32
82207003.0 6568.062560871809 35564.198438098305 5.4604313910652096e+32
82307003.0 6567.955327296977 35558.69229190171 5.457430340325111e+32
82407003.0 6567.848093722145 35553.18614570511 5.4544292895850136e+32
82507003.0 6567.740860147313 35547.67999950852 5.451428238844916e+32
82607003.0 6567.633626572479 35542.17385331191 5.4484271881048175e+32
82707003.0 6567.526392997647 35536.66770711532 5.44542613736472e+32
82807003.0 6567.419159422815 35531.16156091872 5.442425086624622e+32
82907003.0 6567.311925847983 35525.655414722125 5.4394240358845245e+32
83007003.0 6567.204692273151 35520.14926852553 5.436422985144427e+32
83107003.0 6567.097458698318 35514.64312232893 5.433421934404329e+32
83207003.0 6566.990225123486 35509.13697613234 5.430420883664231e+32
83307003.0 6566.882991548654 35503.63082993574 5.427419832924133e+32
83407003.0 6566.775757973822 35498.124683739145 5.4244187821840354e+32
83507003.0 6566.66852439899 35492.61853754255 5.421417731443937e+32
83607003.0 6566.561290824157 35487.11239134595 5.418416680703839e+32
83707003.0 6566.454057249325 35481.606245149356 5.415415629963742e+32
83807003.0 6566.346823674492 35476.10009895276 5.412414579223644e+32
83907003.0 6566.23959009966 35470.593952756164 5.409413528483546e+32
84007003.0 6566.132356524828 35465.08780655957 5.406412477743448e+32
84107003.0 6566.025122949995 35459.58166036297 5.40341142700335e+32
84207003.0 6565.917889375163 35454.075514166376 5.4004103762632526e+32
84307003.0 6565.810655800331 35448.56936796978 5.397409325523155e+32
84407003.0 6565.703422225499 35443.06322177318 5.3944082747830565e+32
84507003.0 6565.596188650667 35437.55707557659 5.391407224042959e+32
84607003.0 6565.488955075834 35432.05092937999 5.388406173302861e+32
84707003.0 6565.381721501002 35426.544783183395 5.3854051225627635e+32
84807003.0 6565.27448792617 35421.0386369868 5.382404071822666e+32
84907003.0 6565.167254351338 35415.532490790196 5.3794030210825675e+32
85007003.0 6565.060020776506 35410.0263445936 5.37640197034247e+32
85107003.0 6564.952787201672 35404.520198397004 5.373400919602372e+32
85207003.0 6564.84555362684 35399.01405220041 5.370399868862274e+32
85307003.0 6564.738320052008 35393.50790600381 5.367398818122176e+32
85407003.0 6564.631086477176 35388.001759807215 5.3643977673820784e+32
85507003.0 6564.523852902344 35382.49561361062 5.361396716641981e+32
85607003.0 6564.416619327511 35376.98946741402 5.358395665901883e+32
85707003.0 6564.309385752679 35371.48332121743 5.3553946151617854e+32
85807003.0 6564.202152177847 35365.97717502083 5.352393564421687e+32
85907003.0 6564.094918603015 35360.471028824235 5.349392513681589e+32
86007003.0 6563.987685028183 35354.96488262764 5.346391462941492e+32
86107003.0 6563.88045145335 35349.45873643104 5.343390412201393e+32
86207003.0 6563.773217878518 35343.95259023445 5.3403893614612956e+32
86307003.0 6563.665984303685 35338.44644403785 5.337388310721198e+32
86407003.0 6563.558750728853 35332.940297841255 5.3343872599811e+32
86507003.0 6563.451517154021 35327.43415164466 5.3313862092410026e+32
86607003.0 6563.344283579188 35321.92800544806 5.328385158500904e+32
86707003.0 6563.237050004356 35316.421859251466 5.3253841077608065e+32
86807003.0 6563.129816429524 35310.91571305487 5.322383057020709e+32
86907003.0 6563.022582854692 35305.409566858274 5.319382006280611e+32
87007003.0 6562.91534927986 35299.90342066168 5.316380955540513e+32
87107003.0 6562.808115705027 35294.39727446508 5.313379904800415e+32
87207003.0 6562.700882130195 35288.891128268486 5.3103788540603175e+32
87307003.0 6562.593648555363 35283.38498207189 5.30737780332022e+32
87407003.0 6562.486414980531 35277.87883587529 5.304376752580122e+32
87507003.0 6562.379181405699 35272.3726896787 5.3013757018400244e+32
87607003.0 6562.271947830865 35266.8665434821 5.298374651099926e+32
87707003.0 6562.164714256033 35261.3603972855 5.2953736003598284e+32
87807003.0 6562.057480681201 35255.8542510889 5.29237254961973e+32
87907003.0 6561.950247106369 35250.348104892306 5.289371498879632e+32
88007003.0 6561.843013531537 35244.84195869571 5.286370448139535e+32
88107003.0 6561.735779956704 35239.335812499114 5.283369397399437e+32
88207003.0 6561.628546381872 35233.82966630252 5.280368346659339e+32
88307003.0 6561.52131280704 35228.32352010592 5.277367295919242e+32
88407003.0 6561.414079232208 35222.817373909325 5.274366245179143e+32
88507003.0 6561.306845657376 35217.31122771273 5.2713651944390456e+32
88607003.0 6561.199612082543 35211.80508151613 5.268364143698948e+32
88707003.0 6561.092378507711 35206.29893531954 5.2653630929588495e+32
88807003.0 6560.985144932878 35200.79278912294 5.262362042218752e+32
88907003.0 6560.877911358046 35195.286642926345 5.259360991478654e+32
89007003.0 6560.770677783214 35189.78049672975 5.2563599407385565e+32
89107003.0 6560.663444208381 35184.27435053315 5.253358889998459e+32
89207003.0 6560.556210633549 35178.76820433656 5.2503578392583605e+32
89307003.0 6560.448977058717 35173.26205813996 5.247356788518263e+32
89407003.0 6560.341743483885 35167.755911943364 5.244355737778165e+32
89507003.0 6560.234509909053 35162.24976574677 5.2413546870380674e+32
89607003.0 6560.12727633422 35156.74361955017 5.238353636297969e+32
89707003.0 6560.020042759388 35151.237473353576 5.2353525855578714e+32
89807003.0 6559.912809184556 35145.73132715698 5.232351534817774e+32
89907003.0 6559.805575609724 35140.225180960384 5.229350484077676e+32
90007003.0 6559.6983420348915 35134.71903476378 5.2263494333375784e+32
90107003.0 6559.591108460058 35129.212888567185 5.223348382597481e+32
90207003.0 6559.483874885226 35123.70674237059 5.220347331857382e+32
90307003.0 6559.376641310394 35118.20059617399 5.2173462811172846e+32
90407003.0 6559.269407735562 35112.694449977396 5.214345230377186e+32
90507003.0 6559.16217416073 35107.1883037808 5.2113441796370886e+32
90607003.0 6559.054940585897 35101.682157584204 5.208343128896991e+32
90707003.0 6558.947707011065 35096.17601138761 5.205342078156893e+32
90807003.0 6558.840473436233 35090.66986519101 5.2023410274167956e+32
90907003.0 6558.733239861401 35085.163718994416 5.199339976676698e+32
91007003.0 6558.626006286569 35079.65757279782 5.1963389259365995e+32
91107003.0 6558.518772711736 35074.151426601224 5.193337875196502e+32
91207003.0 6558.411539136904 35068.64528040463 5.1903368244564034e+32
91307003.0 6558.304305562072 35063.13913420803 5.187335773716306e+32
91407003.0 6558.197071987239 35057.632988011435 5.184334722976208e+32
91507003.0 6558.089838412407 35052.12684181484 5.1813336722361104e+32
91607003.0 6557.982604837574 35046.62069561824 5.178332621496013e+32
91707003.0 6557.875371262742 35041.11454942165 5.175331570755915e+32
91807003.0 6557.76813768791 35035.60840322505 5.1723305200158174e+32
91907003.0 6557.660904113078 35030.102257028455 5.169329469275719e+32
92007003.0 6557.553670538246 35024.59611083186 5.1663284185356214e+32
92107003.0 6557.446436963413 35019.08996463526 5.163327367795524e+32
92207003.0 6557.339203388581 35013.58381843867 5.160326317055425e+32
92307003.0 6557.231969813749 35008.07767224207 5.1573252663153276e+32
92407003.0 6557.124736238917 35002.571526045474 5.15432421557523e+32
92507003.0 6557.0175026640845 34997.06537984888 5.151323164835132e+32
92607003.0 6556.910269089251 34991.55923365228 5.1483221140950346e+32
92707003.0 6556.803035514419 34986.053087455686 5.145321063354937e+32
92807003.0 6556.695801939587 34980.54694125908 5.1423200126148386e+32
92907003.0 6556.588568364755 34975.04079506249 5.139318961874741e+32
93007003.0 6556.481334789923 34969.53464886589 5.1363179111346425e+32
93107003.0 6556.37410121509 34964.028502669295 5.133316860394545e+32
93207003.0 6556.266867640258 34958.5223564727 5.130315809654447e+32
93307003.0 6556.159634065426 34953.0162102761 5.1273147589143495e+32
93407003.0 6556.052400490594 34947.510064079506 5.124313708174252e+32
93507003.0 6555.945166915762 34942.00391788291 5.121312657434154e+32
93607003.0 6555.837933340929 34936.497771686314 5.118311606694056e+32
93707003.0 6555.730699766097 34930.99162548972 5.115310555953958e+32
93807003.0 6555.623466191265 34925.48547929312 5.11230950521386e+32
93907003.0 6555.516232616432 34919.979333096526 5.109308454473762e+32
94007003.0 6555.4089990416 34914.47318689993 5.106307403733664e+32
94107003.0 6555.301765466767 34908.96704070333 5.103306352993567e+32
94207003.0 6555.194531891935 34903.46089450674 5.100305302253469e+32
94307003.0 6555.087298317103 34897.95474831014 5.097304251513371e+32
94407003.0 6554.980064742271 34892.448602113545 5.094303200773274e+32
94507003.0 6554.872831167439 34886.94245591695 5.091302150033176e+32
94607003.0 6554.765597592606 34881.43630972035 5.0883010992930776e+32
94707003.0 6554.658364017774 34875.93016352376 5.08530004855298e+32
94807003.0 6554.551130442942 34870.42401732716 5.0822989978128816e+32
94907003.0 6554.44389686811 34864.917871130565 5.079297947072784e+32
95007003.0 6554.3366632932775 34859.41172493397 5.076296896332686e+32
95107003.0 6554.229429718444 34853.90557873737 5.0732958455925885e+32
95207003.0 6554.122196143612 34848.39943254077 5.070294794852491e+32
95307003.0 6554.01496256878 34842.89328634417 5.067293744112393e+32
95407003.0 6553.907728993948 34837.38714014758 5.064292693372295e+32
95507003.0 6553.800495419116 34831.88099395098 5.061291642632197e+32
95607003.0 6553.693261844283 34826.374847754385 5.058290591892099e+32
95707003.0 6553.586028269451 34820.86870155779 5.055289541152001e+32
95807003.0 6553.478794694619 34815.36255536119 5.0522884904119034e+32
95907003.0 6553.371561119787 34809.8564091646 5.049287439671806e+32
96007003.0 6553.2643275449545 34804.350262968 5.046286388931708e+32
96107003.0 6553.157093970122 34798.844116771405 5.0432853381916104e+32
96207003.0 6553.04986039529 34793.33797057481 5.040284287451512e+32
96307003.0 6552.942626820458 34787.83182437821 5.037283236711414e+32
96407003.0 6552.835393245625 34782.325678181616 5.034282185971317e+32
96507003.0 6552.728159670793 34776.81953198502 5.031281135231218e+32
96607003.0 6552.62092609596 34771.313385788424 5.0282800844911206e+32
96707003.0 6552.513692521128 34765.80723959183 5.025279033751023e+32
96807003.0 6552.406458946296 34760.30109339523 5.022277983010925e+32
96907003.0 6552.299225371464 34754.794947198636 5.0192769322708276e+32
97007003.0 6552.191991796632 34749.28880100204 5.01627588153073e+32
97107003.0 6552.084758221799 34743.78265480544 5.013274830790632e+32
97207003.0 6551.977524646967 34738.27650860885 5.010273780050534e+32
97307003.0 6551.870291072135 34732.77036241225 5.007272729310436e+32
97407003.0 6551.763057497303 34727.264216215655 5.004271678570338e+32
97507003.0 6551.6558239224705 34721.75807001906 5.00127062783024e+32
97607003.0 6551.548590347637 34716.25192382246 4.9982695770901425e+32
97707003.0 6551.441356772805 34710.74577762587 4.995268526350045e+32
97807003.0 6551.334123197973 34705.23963142927 4.992267475609947e+32
97907003.0 6551.226889623141 34699.73348523267 4.9892664248698494e+32
98007003.0 6551.119656048309 34694.22733903607 4.986265374129751e+32
98107003.0 6551.012422473476 34688.721192839475 4.9832643233896534e+32
98207003.0 6550.905188898644 34683.21504664288 4.980263272649555e+32
98307003.0 6550.797955323812 34677.70890044628 4.977262221909457e+32
98407003.0 6550.69072174898 34672.20275424969 4.97426117116936e+32
98507003.0 6550.5834881741475 34666.69660805309 4.971260120429262e+32
98607003.0 6550.476254599315 34661.190461856495 4.968259069689164e+32
98707003.0 6550.369021024483 34655.6843156599 4.965258018949067e+32
98807003.0 6550.261787449651 34650.1781694633 4.962256968208968e+32
98907003.0 6550.154553874818 34644.67202326671 4.9592559174688706e+32
99007003.0 6550.047320299986 34639.16587707011 4.956254866728773e+32
99107003.0 6549.940086725153 34633.659730873514 4.9532538159886745e+32
99207003.0 6549.832853150321 34628.15358467692 4.950252765248577e+32
99307003.0 6549.725619575489 34622.64743848032 4.947251714508479e+32
99407003.0 6549.618386000657 34617.141292283726 4.9442506637683815e+32
99507003.0 6549.511152425825 34611.63514608713 4.941249613028284e+32
99607003.0 6549.403918850992 34606.128999890534 4.938248562288186e+32
99707003.0 6549.29668527616 34600.62285369394 4.9352475115480885e+32
99807003.0 6549.189451701328 34595.11670749734 4.93224646080799e+32
99907003.0 6549.082218126496 34589.610561300746 4.9292454100678924e+32
100007003.0 6548.9749845516635 34584.10441510415 4.926244359327794e+32
