10000 23496.83977137907 76502.3464619178 1.3571110958085053e+35
20000.0 23453.209822730994 76463.27225087957 1.3541907511868135e+35
30000.0 23409.579874082916 76424.19803984133 1.3512704065651215e+35
40000.0 23365.94992543484 76385.12382880309 1.3483500619434297e+35
50000.0 23322.319976786766 76346.04961776486 1.345429717321738e+35
60000.0 23278.690028138688 76306.97540672662 1.3425093727000462e+35
70000.0 23235.060079490613 76267.90119568838 1.3395890280783542e+35
80000.0 23191.430130842535 76228.82698465015 1.3366686834566624e+35
90000.0 23147.80018219446 76189.75277361191 1.3337483388349706e+35
100000.0 23104.170233546385 76150.67856257367 1.3308279942132788e+35
110000.0 23060.540284898307 76111.60435153544 1.3279076495915868e+35
120000.0 23016.910336250232 76072.5301404972 1.324987304969895e+35
130000.0 22973.280387602157 76033.45592945896 1.3220669603482032e+35
140000.0 22929.65043895408 75994.38171842073 1.3191466157265113e+35
150000.0 22886.020490306004 75955.30750738249 1.3162262711048195e+35
160000.0 22842.39054165793 75916.23329634425 1.3133059264831277e+35
170000.0 22798.76059300985 75877.15908530602 1.3103855818614359e+35
180000.0 22755.130644361776 75838.08487426778 1.3074652372397441e+35
190000.0 22711.5006957137 75799.01066322954 1.3045448926180521e+35
200000.0 22667.870747065623 75759.9364521913 1.3016245479963603e+35
210000.0 22624.240798417548 75720.86224115307 1.2987042033746685e+35
220000.0 22580.61084976947 75681.78803011483 1.2957838587529766e+35
230000.0 22536.980901121395 75642.71381907658 1.2928635141312848e+35
240000.0 22493.35095247332 75603.63960803836 1.289943169509593e+35
250000.0 22449.72100382524 75564.56539700011 1.2870228248879012e+35
260000.0 22406.091055177167 75525.49118596187 1.2841024802662092e+35
270000.0 22362.461106529092 75486.41697492365 1.2811821356445174e+35
280000.0 22318.831157881013 75447.3427638854 1.2782617910228256e+35
290000.0 22275.20120923294 75408.26855284716 1.2753414464011338e+35
300000.0 22231.57126058486 75369.19434180894 1.2724211017794418e+35
310000.0 22187.941311936785 75330.1201307707 1.26950075715775e+35
320000.0 22144.31136328871 75291.04591973245 1.2665804125360583e+35
330000.0 22100.681414640632 75251.97170869423 1.2636600679143665e+35
340000.0 22057.051465992557 75212.89749765598 1.2607397232926745e+35
350000.0 21833.558139534885 74805.18604651163 1.2284651162790697e+35
360000.0 21549.050491931943 74272.42328571295 1.1862327823820157e+35
370000.0 21264.542844329 73739.66052491427 1.1440004484849618e+35
380000.0 20980.03519672606 73206.8977641156 1.1017681145879078e+35
390000.0 20695.52754912312 72674.13500331691 1.0595357806908537e+35
400000.0 20411.019901520176 72141.37224251825 1.0173034467937997e+35
410000.0 20126.512253917237 71608.60948171957 9.750711128967457e+34
420000.0 19842.004606314295 71075.84672092089 9.328387789996918e+34
430000.0 19557.496958711352 70543.08396012221 8.906064451026378e+34
440000.0 19272.989311108413 70010.32119932353 8.483741112055837e+34
450000.0 18999.89732808443 69499.58333193735 8.079058994332301e+34
460000.0 18974.836602730546 69467.38633051344 8.0576725018845805e+34
470000.0 18949.775877376665 69435.18932908954 8.036286009436859e+34
480000.0 18924.71515202278 69402.99232766563 8.014899516989139e+34
490000.0 18899.6544266689 69370.79532624173 7.993513024541419e+34
500000.0 18874.593701315018 69338.59832481782 7.972126532093699e+34
510000.0 18849.532975961134 69306.40132339392 7.950740039645978e+34
520000.0 18824.472250607254 69274.20432197001 7.929353547198258e+34
530000.0 18799.41152525337 69242.00732054611 7.907967054750538e+34
540000.0 18774.35079989949 69209.8103191222 7.886580562302818e+34
550000.0 18749.290074545606 69177.6133176983 7.865194069855097e+34
560000.0 18724.229349191726 69145.4163162744 7.843807577407376e+34
570000.0 18699.168623837842 69113.21931485049 7.822421084959656e+34
580000.0 18674.10789848396 69081.02231342658 7.801034592511936e+34
590000.0 18649.04717313008 69048.82531200268 7.779648100064215e+34
600000.0 18623.986447776195 69016.62831057877 7.758261607616495e+34
610000.0 18598.925722422315 68984.43130915487 7.736875115168775e+34
620000.0 18573.86499706843 68952.23430773096 7.715488622721055e+34
630000.0 18548.804271714547 68920.03730630706 7.694102130273334e+34
640000.0 18523.743546360667 68887.84030488315 7.6727156378256135e+34
650000.0 18498.682821006783 68855.64330345925 7.651329145377893e+34
660000.0 18473.622095652903 68823.44630203534 7.629942652930173e+34
670000.0 18448.56137029902 68791.24930061144 7.608556160482452e+34
680000.0 18423.50064494514 68759.05229918753 7.587169668034732e+34
690000.0 18398.439919591256 68726.85529776363 7.565783175587012e+34
700000.0 18373.379194237372 68694.65829633972 7.544396683139292e+34
710000.0 18348.31846888349 68662.46129491582 7.523010190691571e+34
720000.0 18323.257743529608 68630.26429349191 7.501623698243851e+34
730000.0 18298.197018175728 68598.06729206801 7.4802372057961305e+34
740000.0 18273.136292821844 68565.8702906441 7.45885071334841e+34
750000.0 18248.07556746796 68533.6732892202 7.43746422090069e+34
760000.0 18223.01484211408 68501.4762877963 7.416077728452969e+34
770000.0 18197.954116760196 68469.27928637239 7.394691236005249e+34
780000.0 18172.893391406316 68437.08228494848 7.373304743557529e+34
790000.0 18147.832666052433 68404.88528352458 7.351918251109808e+34
800000.0 18122.771940698552 68372.68828210067 7.330531758662088e+34
810000.0 18097.71121534467 68340.49128067677 7.309145266214368e+34
820000.0 18072.650489990785 68308.29427925286 7.2877587737666475e+34
830000.0 18047.589764636905 68276.09727782896 7.266372281318927e+34
840000.0 18022.52903928302 68243.90027640505 7.244985788871206e+34
850000.0 17997.46831392914 68211.70327498115 7.223599296423486e+34
860000.0 17972.407588575257 68179.50627355724 7.202212803975766e+34
870000.0 17947.346863221377 68147.30927213334 7.180826311528045e+34
880000.0 17922.286137867493 68115.11227070943 7.159439819080325e+34
890000.0 17897.22541251361 68082.91526928553 7.138053326632605e+34
900000.0 17872.16468715973 68050.71826786164 7.116666834184885e+34
910000.0 17847.103961805846 68018.52126643773 7.095280341737164e+34
920000.0 17822.043236451966 67986.32426501383 7.073893849289443e+34
930000.0 17796.982511098082 67954.12726358992 7.052507356841723e+34
940000.0 17771.921785744198 67921.93026216602 7.031120864394003e+34
950000.0 17746.861060390318 67889.73326074211 7.009734371946283e+34
960000.0 17721.800335036434 67857.5362593182 6.988347879498562e+34
970000.0 17696.739609682554 67825.3392578943 6.966961387050842e+34
980000.0 17671.67888432867 67793.1422564704 6.945574894603122e+34
990000.0 17646.618158974787 67760.94525504649 6.9241884021554015e+34
1000000.0 17621.557433620907 67728.74825362259 6.9028019097076805e+34
1100000.0 17370.950180082084 67406.77823938354 6.688936985230477e+34
1200000.0 17120.34292654326 67084.80822514449 6.475072060753274e+34
1300000.0 16869.73567300444 66762.83821090544 6.26120713627607e+34
1400000.0 16619.12841946562 66440.86819666639 6.047342211798866e+34
1500000.0 16368.521165926795 66118.89818242734 5.833477287321663e+34
1600000.0 16117.913912387972 65796.92816818829 5.61961236284446e+34
1700000.0 15867.30665884915 65474.95815394924 5.4057474383672565e+34
1800000.0 15616.699405310328 65152.98813971019 5.191882513890052e+34
1900000.0 15366.092151771505 64831.01812547114 4.978017589412848e+34
2000000.0 15115.484898232684 64509.0481112321 4.764152664935645e+34
2100000.0 14864.877644693861 64187.07809699305 4.550287740458442e+34
2200000.0 14614.270391155038 63865.108082754 4.336422815981239e+34
2300000.0 14488.322590909307 63621.46127835796 4.220568227689999e+34
2400000.0 14446.910593777753 63430.92809889489 4.171177772395484e+34
2500000.0 14405.498596646197 63240.39491943182 4.1217873171009705e+34
2600000.0 14364.086599514643 63049.86173996875 4.072396861806456e+34
2700000.0 14322.67460238309 62859.32856050568 4.0230064065119416e+34
2800000.0 14281.262605251535 62668.79538104261 3.9736159512174274e+34
2900000.0 14239.850608119981 62478.26220157954 3.924225495922913e+34
3000000.0 14198.438610988427 62287.72902211647 3.8748350406283985e+34
3100000.0 14157.026613856871 62097.19584265341 3.8254445853338843e+34
3200000.0 14115.614616725317 61906.66266319034 3.77605413003937e+34
3300000.0 14074.202619593763 61716.12948372727 3.726663674744856e+34
3400000.0 14032.79062246221 61525.5963042642 3.677273219450341e+34
3500000.0 13991.378625330655 61335.063124801134 3.627882764155827e+34
3600000.0 13949.966628199101 61144.529945338065 3.5784923088613127e+34
3700000.0 13908.554631067545 60953.996765874996 3.529101853566798e+34
3800000.0 13867.142633935991 60763.46358641193 3.479711398272284e+34
3900000.0 13825.730636804437 60572.93040694886 3.4303209429777696e+34
4000000.0 13784.318639672883 60382.39722748579 3.380930487683255e+34
4100000.0 13742.90664254133 60191.86404802272 3.331540032388741e+34
4200000.0 13701.494645409775 60001.33086855965 3.2821495770942265e+34
4300000.0 13660.08264827822 59810.79768909658 3.2327591217997123e+34
4400000.0 13618.670651146665 59620.26450963351 3.183368666505198e+34
4500000.0 13577.258654015111 59429.73133017044 3.1339782112106834e+34
4600000.0 13535.846656883557 59239.19815070738 3.084587755916169e+34
4700000.0 13494.434659752003 59048.6649712443 3.035197300621655e+34
4800000.0 13453.02266262045 58858.13179178124 2.9858068453271407e+34
4900000.0 13411.610665488894 58667.59861231817 2.9364163900326265e+34
5000000.0 13370.19866835734 58477.0654328551 2.887025934738112e+34
5100000.0 13328.786671225786 58286.53225339203 2.8376354794435976e+34
5200000.0 13287.374674094232 58095.999073928964 2.7882450241490834e+34
5300000.0 13245.962676962678 57905.465894465895 2.7388545688545687e+34
5400000.0 13204.550679831123 57714.932715002826 2.689464113560055e+34
5500000.0 13163.138682699568 57524.39953553976 2.6400736582655403e+34
5600000.0 13121.726685568014 57333.86635607669 2.590683202971026e+34
5700000.0 13080.31468843646 57143.33317661362 2.541292747676512e+34
5800000.0 13038.902691304906 56952.79999715055 2.491902292381997e+34
5900000.0 12997.490694173352 56762.26681768748 2.442511837087483e+34
6000000.0 12956.078697041798 56571.73363822441 2.3931213817929687e+34
6100000.0 12914.666699910242 56381.20045876135 2.343730926498454e+34
6200000.0 12873.254702778688 56190.66727929827 2.29434047120394e+34
6300000.0 12831.842705647134 56000.13409983521 2.2449500159094256e+34
6400000.0 12790.43070851558 55809.60092037214 2.1955595606149114e+34
6500000.0 12749.018711384026 55619.06774090907 2.1461691053203967e+34
6600000.0 12707.60671425247 55428.534561446 2.0967786500258825e+34
6700000.0 12666.194717120916 55238.00138198293 2.0473881947313683e+34
6800000.0 12624.782719989362 55047.46820251986 1.9979977394368536e+34
6900000.0 12583.370722857808 54856.935023056794 1.9486072841423394e+34
7000000.0 12541.958725726254 54666.401843593725 1.8992168288478252e+34
7100000.0 12500.5467285947 54475.868664130656 1.849826373553311e+34
7200000.0 12459.134731463146 54285.33548466759 1.8004359182587967e+34
7300000.0 12417.72273433159 54094.80230520452 1.751045462964282e+34
7400000.0 12376.310737200036 53904.269125741455 1.7016550076697678e+34
7500000.0 12334.898740068482 53713.73594627838 1.6522645523752536e+34
7600000.0 12293.486742936928 53523.20276681532 1.6028740970807394e+34
7700000.0 12252.074745805374 53332.66958735224 1.5534836417862247e+34
7800000.0 12210.662748673818 53142.13640788918 1.5040931864917105e+34
7900000.0 12169.250751542264 52951.60322842611 1.4547027311971963e+34
8000000.0 12127.83875441071 52761.07004896304 1.4053122759026816e+34
8100000.0 12086.426757279156 52570.53686949997 1.3559218206081679e+34
8200000.0 12045.014760147602 52380.0036900369 1.3065313653136532e+34
8300000.0 12003.602763016046 52189.47051057383 1.2571409100191385e+34
8400000.0 11962.190765884494 51998.93733111076 1.2077504547246247e+34
8500000.0 11920.778768752938 51808.404151647694 1.15835999943011e+34
8600000.0 11895.123690159347 51662.46112765236 1.1280233842873625e+34
8700000.0 11890.717138161572 51576.64883937702 1.123381261899769e+34
8800000.0 11886.310586163796 51490.83655110168 1.1187391395121753e+34
8900000.0 11881.90403416602 51405.024262826344 1.1140970171245817e+34
9000000.0 11877.497482168244 51319.211974551006 1.109454894736988e+34
9100000.0 11873.09093017047 51233.39968627567 1.1048127723493942e+34
9200000.0 11868.684378172695 51147.58739800033 1.1001706499618007e+34
9300000.0 11864.277826174919 51061.77510972499 1.095528527574207e+34
9400000.0 11859.871274177143 50975.962821449655 1.0908864051866134e+34
9500000.0 11855.464722179368 50890.15053317432 1.0862442827990196e+34
9600000.0 11851.058170181592 50804.33824489898 1.0816021604114259e+34
9700000.0 11846.651618183818 50718.52595662364 1.0769600380238324e+34
9800000.0 11842.245066186042 50632.713668348304 1.0723179156362386e+34
9900000.0 11837.838514188266 50546.90138007296 1.067675793248645e+34
10000000.0 11833.43196219049 50461.08909179762 1.0630336708610513e+34
10100000.0 11829.025410192715 50375.27680352228 1.0583915484734578e+34
10200000.0 11824.61885819494 50289.464515246946 1.053749426085864e+34
10300000.0 11820.212306197163 50203.65222697161 1.0491073036982703e+34
10400000.0 11815.80575419939 50117.83993869627 1.0444651813106767e+34
10500000.0 11811.399202201614 50032.02765042093 1.039823058923083e+34
10600000.0 11806.992650203838 49946.215362145595 1.0351809365354893e+34
10700000.0 11802.586098206062 49860.40307387026 1.0305388141478957e+34
10800000.0 11798.179546208286 49774.59078559492 1.025896691760302e+34
10900000.0 11793.77299421051 49688.77849731958 1.0212545693727084e+34
11000000.0 11789.366442212735 49602.96620904424 1.0166124469851148e+34
11100000.0 11784.959890214961 49517.153920768906 1.011970324597521e+34
11200000.0 11780.553338217185 49431.34163249356 1.0073282022099274e+34
11300000.0 11776.14678621941 49345.52934421822 1.0026860798223337e+34
11400000.0 11771.740234221634 49259.717055942885 9.980439574347401e+33
11500000.0 11767.333682223858 49173.90476766755 9.934018350471464e+33
11600000.0 11762.927130226082 49088.09247939221 9.887597126595528e+33
11700000.0 11758.520578228308 49002.28019111687 9.84117590271959e+33
11800000.0 11754.114026230533 48916.467902841534 9.794754678843654e+33
11900000.0 11749.707474232757 48830.655614566196 9.748333454967717e+33
12000000.0 11745.300922234981 48744.84332629086 9.701912231091781e+33
12100000.0 11740.894370237205 48659.03103801552 9.655491007215845e+33
12200000.0 11736.48781823943 48573.21874974018 9.609069783339907e+33
12300000.0 11732.081266241654 48487.40646146484 9.562648559463972e+33
12400000.0 11727.67471424388 48401.5941731895 9.516227335588034e+33
12500000.0 11723.268162246104 48315.78188491416 9.469806111712098e+33
12600000.0 11718.861610248328 48229.969596638824 9.423384887836161e+33
12700000.0 11714.455058250553 48144.15730836349 9.376963663960225e+33
12800000.0 11710.048506252777 48058.34502008815 9.330542440084288e+33
12900000.0 11705.641954255001 47972.53273181281 9.284121216208351e+33
13000000.0 11701.235402257225 47886.72044353747 9.237699992332414e+33
13100000.0 11696.828850259451 47800.908155262136 9.191278768456478e+33
13200000.0 11692.422298261676 47715.0958669868 9.144857544580541e+33
13300000.0 11688.0157462639 47629.28357871146 9.098436320704605e+33
13400000.0 11683.609194266124 47543.47129043612 9.052015096828667e+33
13500000.0 11679.202642268348 47457.659002160784 9.005593872952732e+33
13600000.0 11674.796090270573 47371.84671388545 8.959172649076795e+33
13700000.0 11670.389538272799 47286.0344256101 8.912751425200858e+33
13800000.0 11665.982986275023 47200.222137334764 8.866330201324922e+33
13900000.0 11661.576434277247 47114.409849059426 8.819908977448985e+33
14000000.0 11657.169882279471 47028.59756078409 8.773487753573049e+33
14100000.0 11652.763330281696 46942.78527250875 8.727066529697111e+33
14200000.0 11648.35677828392 46856.97298423341 8.680645305821176e+33
14300000.0 11643.950226286144 46771.160695958075 8.634224081945238e+33
14400000.0 11639.54367428837 46685.34840768274 8.587802858069302e+33
14500000.0 11635.137122290595 46599.5361194074 8.541381634193366e+33
14600000.0 11630.730570292819 46513.72383113206 8.494960410317428e+33
14700000.0 11626.324018295043 46427.91154285672 8.448539186441493e+33
14800000.0 11621.917466297267 46342.09925458138 8.402117962565555e+33
14900000.0 11617.510914299492 46256.28696630604 8.355696738689619e+33
15000000.0 11613.104362301718 46170.4746780307 8.309275514813682e+33
15100000.0 11608.697810303942 46084.662389755365 8.262854290937745e+33
15200000.0 11604.291258306166 45998.85010148003 8.216433067061809e+33
15300000.0 11599.88470630839 45913.03781320469 8.170011843185872e+33
15400000.0 11595.478154310615 45827.22552492935 8.123590619309936e+33
15500000.0 11591.071602312839 45741.413236654014 8.077169395433999e+33
15600000.0 11586.665050315063 45655.60094837868 8.030748171558062e+33
15700000.0 11582.25849831729 45569.78866010334 7.984326947682126e+33
15800000.0 11577.851946319513 45483.976371828 7.93790572380619e+33
15900000.0 11573.445394321738 45398.16408355266 7.891484499930253e+33
16000000.0 11569.038842323962 45312.351795277325 7.845063276054316e+33
16100000.0 11564.632290326186 45226.53950700198 7.798642052178379e+33
16200000.0 11560.22573832841 45140.72721872664 7.752220828302443e+33
16300000.0 11555.819186330635 45054.914930451305 7.705799604426505e+33
16400000.0 11551.41263433286 44969.10264217597 7.65937838055057e+33
16500000.0 11547.006082335085 44883.29035390063 7.612957156674632e+33
16600000.0 11542.59953033731 44797.47806562529 7.566535932798697e+33
16700000.0 11538.192978339534 44711.665777349954 7.520114708922759e+33
16800000.0 11533.786426341758 44625.853489074616 7.473693485046822e+33
16900000.0 11529.379874343982 44540.04120079928 7.427272261170886e+33
17000000.0 11524.973322346206 44454.22891252394 7.380851037294949e+33
17100000.0 11520.566770348432 44368.4166242486 7.334429813419014e+33
17200000.0 11516.160218350657 44282.60433597326 7.288008589543076e+33
17300000.0 11511.75366635288 44196.79204769792 7.24158736566714e+33
17400000.0 11507.347114355105 44110.97975942258 7.195166141791203e+33
17500000.0 11502.94056235733 44025.167471147244 7.148744917915267e+33
17600000.0 11498.534010359554 43939.35518287191 7.10232369403933e+33
17700000.0 11494.12745836178 43853.54289459657 7.055902470163393e+33
17800000.0 11489.720906364004 43767.73060632123 7.009481246287456e+33
17900000.0 11485.314354366228 43681.91831804589 6.96306002241152e+33
18000000.0 11480.907802368452 43596.106029770555 6.916638798535583e+33
18100000.0 11476.501250370677 43510.29374149522 6.870217574659647e+33
18200000.0 11472.0946983729 43424.48145321988 6.823796350783709e+33
18300000.0 11467.688146375125 43338.66916494454 6.777375126907774e+33
18400000.0 11463.281594377351 43252.856876669204 6.730953903031837e+33
18500000.0 11458.875042379575 43167.04458839387 6.6845326791559e+33
18600000.0 11454.4684903818 43081.23230011852 6.638111455279964e+33
18700000.0 11450.061938384024 42995.42001184318 6.591690231404027e+33
18800000.0 11445.655386386248 42909.607723567846 6.545269007528091e+33
18900000.0 11441.248834388472 42823.79543529251 6.498847783652153e+33
19000000.0 11436.842282390699 42737.98314701717 6.452426559776217e+33
19100000.0 11432.435730392923 42652.17085874183 6.40600533590028e+33
19200000.0 11428.029178395147 42566.358570466495 6.359584112024344e+33
19300000.0 11423.622626397371 42480.54628219116 6.313162888148407e+33
19400000.0 11419.216074399596 42394.73399391582 6.266741664272471e+33
19500000.0 11414.80952240182 42308.92170564048 6.220320440396535e+33
19600000.0 11410.402970404044 42223.109417365136 6.173899216520597e+33
19700000.0 11405.99641840627 42137.2971290898 6.12747799264466e+33
19800000.0 11401.589866408494 42051.48484081446 6.081056768768724e+33
19900000.0 11397.183314410719 41965.67255253912 6.034635544892788e+33
20000000.0 11392.776762412943 41879.860264263785 5.988214321016851e+33
20100000.0 11388.370210415167 41794.04797598845 5.941793097140914e+33
20200000.0 11383.963658417391 41708.23568771311 5.895371873264978e+33
20300000.0 11379.557106419616 41622.42339943777 5.848950649389041e+33
20400000.0 11375.150554421842 41536.611111162434 5.802529425513104e+33
20500000.0 11370.744002424066 41450.798822887096 5.756108201637168e+33
20600000.0 11366.33745042629 41364.98653461176 5.709686977761232e+33
20700000.0 11361.930898428514 41279.17424633642 5.663265753885295e+33
20800000.0 11357.524346430739 41193.36195806108 5.616844530009357e+33
20900000.0 11353.117794432963 41107.549669785745 5.570423306133421e+33
21000000.0 11348.711242435187 41021.7373815104 5.524002082257483e+33
21100000.0 11344.304690437413 40935.92509323507 5.477580858381548e+33
21200000.0 11339.898138439637 40850.112804959725 5.431159634505612e+33
21300000.0 11335.491586441862 40764.30051668439 5.384738410629674e+33
21400000.0 11331.085034444086 40678.48822840905 5.338317186753738e+33
21500000.0 11326.67848244631 40592.67594013371 5.291895962877801e+33
21600000.0 11322.271930448534 40506.86365185837 5.245474739001865e+33
21700000.0 11317.86537845076 40421.051363583036 5.199053515125928e+33
21800000.0 11313.458826452985 40335.2390753077 5.152632291249991e+33
21900000.0 11309.052274455209 40249.42678703236 5.1062110673740556e+33
22000000.0 11304.645722457433 40163.61449875702 5.059789843498118e+33
22100000.0 11300.239170459658 40077.80221048168 5.0133686196221815e+33
22200000.0 11295.832618461882 39991.98992220634 4.966947395746245e+33
22300000.0 11291.426066464108 39906.177633931 4.9205261718703087e+33
22400000.0 11287.019514466332 39820.365345655664 4.874104947994372e+33
22500000.0 11282.612962468556 39734.553057380326 4.8276837241184347e+33
22600000.0 11278.20641047078 39648.74076910499 4.781262500242498e+33
22700000.0 11273.799858473005 39562.92848082965 4.734841276366562e+33
22800000.0 11269.39330647523 39477.11619255431 4.6884200524906254e+33
22900000.0 11264.986754477453 39391.303904278975 4.641998828614689e+33
23000000.0 11260.58020247968 39305.49161600364 4.5955776047387513e+33
23100000.0 11256.173650481904 39219.6793277283 4.549156380862816e+33
23200000.0 11251.767098484128 39133.86703945296 4.5027351569868785e+33
23300000.0 11247.360546486352 39048.054751177624 4.456313933110942e+33
23400000.0 11242.953994488576 38962.242462902286 4.4098927092350056e+33
23500000.0 11238.5474424908 38876.43017462695 4.363471485359069e+33
23600000.0 11234.140890493025 38790.61788635161 4.317050261483133e+33
23700000.0 11229.734338495251 38704.805598076266 4.270629037607195e+33
23800000.0 11225.327786497475 38618.99330980093 4.224207813731259e+33
23900000.0 11220.9212344997 38533.18102152559 4.1777865898553234e+33
24000000.0 11216.514682501924 38447.36873325025 4.131365365979386e+33
24100000.0 11212.108130504148 38361.556444974914 4.0849441421034494e+33
24200000.0 11207.701578506372 38275.74415669958 4.038522918227512e+33
24300000.0 11203.295026508596 38189.93186842424 3.9921016943515765e+33
24400000.0 11198.888474510823 38104.1195801489 3.94568047047564e+33
24500000.0 11194.481922513047 38018.307291873556 3.8992592465997025e+33
24600000.0 11190.075370515271 37932.49500359822 3.852838022723766e+33
24700000.0 11185.668818517495 37846.68271532288 3.8064167988478297e+33
24800000.0 11181.26226651972 37760.87042704754 3.759995574971893e+33
24900000.0 11176.855714521944 37675.058138772205 3.7135743510959556e+33
25000000.0 11172.44916252417 37589.24585049687 3.667153127220019e+33
25100000.0 11168.042610526394 37503.43356222153 3.620731903344084e+33
25200000.0 11163.636058528618 37417.62127394619 3.5743106794681463e+33
25300000.0 11159.229506530843 37331.808985670854 3.52788945559221e+33
25400000.0 11154.822954533067 37245.996697395516 3.4814682317162723e+33
25500000.0 11150.416402535291 37160.18440912018 3.435047007840336e+33
25600000.0 11146.009850537517 37074.37212084484 3.3886257839644006e+33
25700000.0 11141.603298539741 36988.5598325695 3.342204560088463e+33
25800000.0 11137.196746541966 36902.747544294165 3.2957833362125266e+33
25900000.0 11132.79019454419 36816.93525601882 3.249362112336589e+33
26000000.0 11128.383642546414 36731.12296774349 3.202940888460654e+33
26100000.0 11123.977090548638 36645.310679468144 3.156519664584717e+33
26200000.0 11119.570538550863 36559.49839119281 3.1100984407087797e+33
26300000.0 11115.163986553089 36473.68610291747 3.063677216832843e+33
26400000.0 11110.757434555313 36387.87381464213 3.017255992956907e+33
26500000.0 11106.350882557537 36302.06152636679 2.9708347690809704e+33
26600000.0 11101.944330559762 36216.249238091455 2.924413545205033e+33
26700000.0 11097.537778561986 36130.43694981612 2.8779923213290964e+33
26800000.0 11093.13122656421 36044.62466154078 2.831571097453161e+33
26900000.0 11088.724674566434 35958.81237326544 2.7851498735772235e+33
27000000.0 11084.31812256866 35873.0000849901 2.738728649701287e+33
27100000.0 11079.911570570885 35787.18779671476 2.6923074258253495e+33
27200000.0 11075.505018573109 35701.37550843942 2.645886201949414e+33
27300000.0 11071.098466575333 35615.563220164084 2.599464978073478e+33
27400000.0 11066.691914577557 35529.750931888746 2.5530437541975402e+33
27500000.0 11062.285362579782 35443.93864361341 2.5066225303216038e+33
27600000.0 11057.878810582006 35358.12635533807 2.4602013064456673e+33
27700000.0 11053.472258584232 35272.31406706273 2.413780082569731e+33
27800000.0 11049.065706586456 35186.501778787395 2.3673588586937945e+33
27900000.0 11044.65915458868 35100.68949051206 2.320937634817857e+33
28000000.0 11040.252602590905 35014.87720223672 2.2745164109419216e+33
28100000.0 11035.846050593129 34929.06491396138 2.228095187065984e+33
28200000.0 11031.439498595353 34843.252625686044 2.1816739631900476e+33
28300000.0 11027.032946597577 34757.440337410706 2.135252739314111e+33
28400000.0 11022.626394599803 34671.62804913537 2.0888315154381747e+33
28500000.0 11018.219842602028 34585.81576086003 2.0424102915622383e+33
28600000.0 11013.813290604252 34500.00347258469 1.9959890676863007e+33
28700000.0 11009.406738606476 34414.19118430935 1.9495678438103642e+33
28800000.0 11005.0001866087 34328.37889603402 1.9031466199344278e+33
28900000.0 11000.593634610925 34242.56660775867 1.8567253960584914e+33
29000000.0 10996.18708261315 34156.754319483334 1.810304172182555e+33
29100000.0 10991.780530615375 34070.942031208 1.7638829483066174e+33
29200000.0 10987.3739786176 33985.12974293266 1.717461724430682e+33
29300000.0 10982.967426619824 33899.31745465732 1.6710405005547445e+33
29400000.0 10978.560874622048 33813.505166381976 1.624619276678808e+33
29500000.0 10974.154322624272 33727.69287810664 1.5781980528028716e+33
29600000.0 10969.747770626496 33641.8805898313 1.531776828926934e+33
29700000.0 10965.341218628722 33556.06830155596 1.4853556050509988e+33
29800000.0 10960.934666630947 33470.256013280625 1.4389343811750612e+33
29900000.0 10956.52811463317 33384.44372500529 1.3925131572991247e+33
30000000.0 10952.121562635395 33298.63143672995 1.3460919334231883e+33
30100000.0 10947.71501063762 33212.81914845461 1.299670709547252e+33
30200000.0 10943.308458639844 33127.006860179274 1.2532494856713154e+33
30300000.0 10942.471603523598 33109.510706868154 1.248873272219437e+33
30400000.0 10941.903435269402 33097.15662823176 1.2476617369715199e+33
30500000.0 10941.335267015207 33084.80254959536 1.2464502017236027e+33
30600000.0 10940.76709876101 33072.44847095896 1.2452386664756857e+33
30700000.0 10940.198930506816 33060.094392322564 1.2440271312277686e+33
30800000.0 10939.63076225262 33047.74031368617 1.2428155959798514e+33
30900000.0 10939.062593998424 33035.38623504977 1.2416040607319343e+33
31000000.0 10938.49442574423 33023.03215641338 1.2403925254840171e+33
31100000.0 10937.926257490033 33010.67807777698 1.2391809902361001e+33
31200000.0 10937.358089235837 32998.323999140586 1.237969454988183e+33
31300000.0 10936.789920981642 32985.96992050419 1.2367579197402659e+33
31400000.0 10936.221752727446 32973.615841867795 1.2355463844923487e+33
31500000.0 10935.653584473252 32961.2617632314 1.2343348492444316e+33
31600000.0 10935.085416219055 32948.907684595004 1.2331233139965146e+33
31700000.0 10934.517247964859 32936.55360595861 1.2319117787485974e+33
31800000.0 10933.949079710665 32924.199527322206 1.2307002435006803e+33
31900000.0 10933.380911456468 32911.84544868581 1.2294887082527631e+33
32000000.0 10932.812743202272 32899.491370049414 1.2282771730048461e+33
32100000.0 10932.244574948078 32887.13729141302 1.227065637756929e+33
32200000.0 10931.676406693881 32874.78321277662 1.2258541025090119e+33
32300000.0 10931.108238439685 32862.42913414023 1.2246425672610947e+33
32400000.0 10930.54007018549 32850.07505550383 1.2234310320131776e+33
32500000.0 10929.971901931294 32837.72097686744 1.2222194967652606e+33
32600000.0 10929.4037336771 32825.36689823104 1.2210079615173434e+33
32700000.0 10928.835565422904 32813.012819594645 1.2197964262694263e+33
32800000.0 10928.267397168707 32800.65874095825 1.2185848910215091e+33
32900000.0 10927.699228914513 32788.304662321854 1.217373355773592e+33
33000000.0 10927.131060660317 32775.95058368545 1.216161820525675e+33
33100000.0 10926.56289240612 32763.59650504906 1.2149502852777579e+33
33200000.0 10925.994724151926 32751.24242641266 1.2137387500298407e+33
33300000.0 10925.42655589773 32738.888347776265 1.2125272147819236e+33
33400000.0 10924.858387643533 32726.53426913987 1.2113156795340064e+33
33500000.0 10924.290219389339 32714.180190503474 1.2101041442860894e+33
33600000.0 10923.722051135142 32701.826111867078 1.2088926090381723e+33
33700000.0 10923.153882880948 32689.472033230682 1.2076810737902551e+33
33800000.0 10922.585714626752 32677.117954594283 1.206469538542338e+33
33900000.0 10922.017546372555 32664.763875957888 1.2052580032944208e+33
34000000.0 10921.449378118361 32652.409797321492 1.2040464680465038e+33
34100000.0 10920.881209864165 32640.055718685097 1.2028349327985867e+33
34200000.0 10920.313041609968 32627.7016400487 1.2016233975506696e+33
34300000.0 10919.744873355774 32615.347561412305 1.2004118623027524e+33
34400000.0 10919.176705101578 32602.993482775906 1.1992003270548353e+33
34500000.0 10918.608536847383 32590.63940413951 1.1979887918069183e+33
34600000.0 10918.040368593187 32578.285325503115 1.1967772565590011e+33
34700000.0 10917.47220033899 32565.93124686672 1.195565721311084e+33
34800000.0 10916.904032084796 32553.577168230324 1.1943541860631668e+33
34900000.0 10916.3358638306 32541.22308959393 1.1931426508152497e+33
35000000.0 10915.767695576404 32528.86901095753 1.1919311155673327e+33
35100000.0 10915.19952732221 32516.514932321134 1.1907195803194156e+33
35200000.0 10914.631359068013 32504.160853684738 1.1895080450714984e+33
35300000.0 10914.063190813817 32491.806775048342 1.1882965098235813e+33
35400000.0 10913.495022559622 32479.452696411947 1.1870849745756643e+33
35500000.0 10912.926854305426 32467.09861777555 1.1858734393277471e+33
35600000.0 10912.358686051231 32454.744539139152 1.18466190407983e+33
35700000.0 10911.790517797035 32442.390460502756 1.1834503688319128e+33
35800000.0 10911.222349542839 32430.03638186636 1.1822388335839957e+33
35900000.0 10910.654181288644 32417.682303229965 1.1810272983360787e+33
36000000.0 10910.086013034448 32405.32822459357 1.1798157630881616e+33
36100000.0 10909.517844780252 32392.974145957174 1.1786042278402444e+33
36200000.0 10908.949676526057 32380.620067320775 1.1773926925923273e+33
36300000.0 10908.381508271861 32368.26598868438 1.1761811573444101e+33
36400000.0 10907.813340017667 32355.911910047984 1.1749696220964931e+33
36500000.0 10907.24517176347 32343.55783141159 1.173758086848576e+33
36600000.0 10906.677003509274 32331.203752775193 1.1725465516006588e+33
36700000.0 10906.10883525508 32318.849674138797 1.1713350163527417e+33
36800000.0 10905.540667000883 32306.495595502398 1.1701234811048245e+33
36900000.0 10904.972498746687 32294.141516866002 1.1689119458569076e+33
37000000.0 10904.404330492493 32281.787438229607 1.1677004106089904e+33
37100000.0 10903.836162238296 32269.43335959321 1.1664888753610733e+33
37200000.0 10903.2679939841 32257.079280956816 1.1652773401131561e+33
37300000.0 10902.699825729906 32244.72520232042 1.164065804865239e+33
37400000.0 10902.13165747571 32232.37112368402 1.162854269617322e+33
37500000.0 10901.563489221515 32220.017045047625 1.1616427343694048e+33
37600000.0 10900.995320967319 32207.66296641123 1.1604311991214877e+33
37700000.0 10900.427152713122 32195.308887774834 1.1592196638735705e+33
37800000.0 10899.858984458928 32182.95480913844 1.1580081286256534e+33
37900000.0 10899.290816204732 32170.60073050204 1.1567965933777364e+33
38000000.0 10898.722647950535 32158.246651865644 1.1555850581298193e+33
38100000.0 10898.15447969634 32145.89257322925 1.1543735228819021e+33
38200000.0 10897.586311442145 32133.538494592853 1.153161987633985e+33
38300000.0 10897.018143187948 32121.184415956457 1.1519504523860678e+33
38400000.0 10896.449974933754 32108.83033732006 1.1507389171381508e+33
38500000.0 10895.881806679557 32096.476258683662 1.1495273818902337e+33
38600000.0 10895.313638425363 32084.122180047267 1.1483158466423165e+33
38700000.0 10894.745470171167 32071.76810141087 1.1471043113943994e+33
38800000.0 10894.17730191697 32059.414022774476 1.1458927761464823e+33
38900000.0 10893.609133662776 32047.05994413808 1.1446812408985653e+33
39000000.0 10893.04096540858 32034.705865501684 1.1434697056506481e+33
39100000.0 10892.472797154383 32022.351786865285 1.142258170402731e+33
39200000.0 10891.904628900189 32009.99770822889 1.1410466351548138e+33
39300000.0 10891.336460645993 31997.643629592494 1.1398350999068967e+33
39400000.0 10890.768292391798 31985.2895509561 1.1386235646589797e+33
39500000.0 10890.200124137602 31972.935472319703 1.1374120294110625e+33
39600000.0 10889.631955883406 31960.581393683307 1.1362004941631454e+33
39700000.0 10889.063787629211 31948.22731504691 1.1349889589152283e+33
39800000.0 10888.495619375015 31935.873236410513 1.1337774236673111e+33
39900000.0 10887.927451120819 31923.519157774117 1.1325658884193941e+33
40000000.0 10887.359282866624 31911.16507913772 1.131354353171477e+33
40100000.0 10886.791114612428 31898.811000501326 1.1301428179235598e+33
40200000.0 10886.222946358232 31886.45692186493 1.1289312826756427e+33
40300000.0 10885.654778104037 31874.10284322853 1.1277197474277255e+33
40400000.0 10885.08660984984 31861.748764592136 1.1265082121798085e+33
40500000.0 10884.518441595646 31849.39468595574 1.1252966769318914e+33
40600000.0 10883.95027334145 31837.040607319344 1.1240851416839742e+33
40700000.0 10883.382105087254 31824.68652868295 1.1228736064360571e+33
40800000.0 10882.81393683306 31812.332450046553 1.12166207118814e+33
40900000.0 10882.245768578863 31799.978371410154 1.120450535940223e+33
41000000.0 10881.677600324667 31787.62429277376 1.1192390006923058e+33
41100000.0 10881.109432070472 31775.270214137363 1.1180274654443887e+33
41200000.0 10880.541263816276 31762.916135500967 1.1168159301964715e+33
41300000.0 10879.97309556208 31750.56205686457 1.1156043949485544e+33
41400000.0 10879.404927307885 31738.207978228173 1.1143928597006374e+33
41500000.0 10878.83675905369 31725.853899591777 1.1131813244527202e+33
41600000.0 10878.268590799495 31713.49982095538 1.1119697892048031e+33
41700000.0 10877.700422545298 31701.145742318986 1.110758253956886e+33
41800000.0 10877.132254291102 31688.79166368259 1.1095467187089688e+33
41900000.0 10876.564086036908 31676.437585046195 1.1083351834610518e+33
42000000.0 10875.995917782711 31664.0835064098 1.1071236482131347e+33
42100000.0 10875.427749528515 31651.7294277734 1.1059121129652175e+33
42200000.0 10874.85958127432 31639.375349137004 1.1047005777173004e+33
42300000.0 10874.291413020124 31627.02127050061 1.1034890424693834e+33
42400000.0 10873.72324476593 31614.667191864213 1.1022775072214662e+33
42500000.0 10873.155076511734 31602.313113227818 1.1010659719735491e+33
42600000.0 10872.586908257537 31589.95903459142 1.099854436725632e+33
42700000.0 10872.018740003343 31577.604955955023 1.098642901477715e+33
42800000.0 10871.450571749147 31565.250877318627 1.0974313662297977e+33
42900000.0 10870.88240349495 31552.89679868223 1.0962198309818807e+33
43000000.0 10870.314235240756 31540.542720045836 1.0950082957339635e+33
43100000.0 10869.74606698656 31528.18864140944 1.0937967604860464e+33
43200000.0 10869.177898732363 31515.83456277304 1.0925852252381292e+33
43300000.0 10868.609730478169 31503.480484136646 1.0913736899902122e+33
43400000.0 10868.041562223973 31491.12640550025 1.0901621547422951e+33
43500000.0 10867.473393969778 31478.772326863855 1.088950619494378e+33
43600000.0 10866.905225715582 31466.41824822746 1.0877390842464608e+33
43700000.0 10866.337057461385 31454.064169591064 1.0865275489985437e+33
43800000.0 10865.768889207191 31441.710090954664 1.0853160137506265e+33
43900000.0 10865.200720952995 31429.35601231827 1.0841044785027095e+33
44000000.0 10864.632552698798 31417.001933681873 1.0828929432547924e+33
44100000.0 10864.064384444604 31404.647855045478 1.0816814080068752e+33
44200000.0 10863.496216190408 31392.293776409082 1.0804698727589582e+33
44300000.0 10862.928047936213 31379.939697772686 1.079258337511041e+33
44400000.0 10862.359879682017 31367.585619136287 1.078046802263124e+33
44500000.0 10861.79171142782 31355.23154049989 1.0768352670152068e+33
44600000.0 10861.223543173626 31342.877461863496 1.0756237317672897e+33
44700000.0 10860.65537491943 31330.5233832271 1.0744121965193727e+33
44800000.0 10860.087206665234 31318.169304590705 1.0732006612714555e+33
44900000.0 10859.51903841104 31305.815225954306 1.0719891260235384e+33
45000000.0 10858.950870156843 31293.46114731791 1.0707775907756212e+33
45100000.0 10858.382701902647 31281.107068681515 1.0695660555277041e+33
45200000.0 10857.814533648452 31268.75299004512 1.0683545202797871e+33
45300000.0 10857.246365394256 31256.398911408724 1.0671429850318698e+33
45400000.0 10856.678197140061 31244.044832772328 1.0659314497839528e+33
45500000.0 10856.110028885865 31231.690754135932 1.0647199145360357e+33
45600000.0 10855.541860631669 31219.336675499533 1.0635083792881185e+33
45700000.0 10854.973692377474 31206.982596863138 1.0622968440402015e+33
45800000.0 10854.405524123278 31194.628518226742 1.0610853087922844e+33
45900000.0 10853.837355869082 31182.274439590346 1.0598737735443672e+33
46000000.0 10853.269187614887 31169.92036095395 1.0586622382964501e+33
46100000.0 10852.701019360691 31157.56628231755 1.057450703048533e+33
46200000.0 10852.132851106495 31145.212203681156 1.056239167800616e+33
46300000.0 10851.5646828523 31132.85812504476 1.0550276325526988e+33
46400000.0 10850.996514598104 31120.504046408365 1.0538160973047817e+33
46500000.0 10850.42834634391 31108.14996777197 1.0526045620568645e+33
46600000.0 10849.860178089713 31095.795889135574 1.0513930268089474e+33
46700000.0 10849.292009835517 31083.44181049918 1.0501814915610304e+33
46800000.0 10848.723841581323 31071.08773186278 1.0489699563131132e+33
46900000.0 10848.155673327126 31058.733653226383 1.0477584210651961e+33
47000000.0 10847.58750507293 31046.379574589988 1.046546885817279e+33
47100000.0 10847.019336818736 31034.025495953592 1.0453353505693618e+33
47200000.0 10846.45116856454 31021.671417317197 1.0441238153214448e+33
47300000.0 10845.883000310345 31009.317338680798 1.0429122800735276e+33
47400000.0 10845.314832056149 30996.963260044402 1.0417007448256105e+33
47500000.0 10844.746663801952 30984.609181408006 1.0404892095776934e+33
47600000.0 10844.178495547758 30972.25510277161 1.0392776743297762e+33
47700000.0 10843.610327293562 30959.901024135215 1.0380661390818592e+33
47800000.0 10843.042159039365 30947.54694549882 1.0368546038339421e+33
47900000.0 10842.47399078517 30935.192866862424 1.035643068586025e+33
48000000.0 10841.905822530975 30922.838788226025 1.0344315333381078e+33
48100000.0 10841.337654276778 30910.48470958963 1.0332199980901906e+33
48200000.0 10840.769486022584 30898.130630953234 1.0320084628422736e+33
48300000.0 10840.201317768388 30885.77655231684 1.0307969275943565e+33
48400000.0 10839.633149514193 30873.42247368044 1.0295853923464394e+33
48500000.0 10839.064981259997 30861.068395044043 1.0283738570985222e+33
48600000.0 10838.4968130058 30848.714316407648 1.027162321850605e+33
48700000.0 10837.928644751606 30836.360237771252 1.025950786602688e+33
48800000.0 10837.36047649741 30824.006159134857 1.0247392513547709e+33
48900000.0 10836.792308243213 30811.65208049846 1.0235277161068538e+33
49000000.0 10836.224139989019 30799.298001862066 1.0223161808589366e+33
49100000.0 10835.655971734823 30786.943923225666 1.0211046456110195e+33
49200000.0 10835.087803480626 30774.58984458927 1.0198931103631025e+33
49300000.0 10834.519635226432 30762.235765952875 1.0186815751151854e+33
49400000.0 10833.951466972236 30749.88168731648 1.0174700398672682e+33
49500000.0 10833.383298718041 30737.527608680084 1.016258504619351e+33
49600000.0 10832.815130463845 30725.173530043685 1.0150469693714339e+33
49700000.0 10832.246962209649 30712.81945140729 1.0138354341235169e+33
49800000.0 10831.678793955454 30700.465372770894 1.0126238988755998e+33
49900000.0 10831.110625701258 30688.111294134498 1.0114123636276826e+33
50000000.0 10830.542457447062 30675.757215498103 1.0102008283797655e+33
50100000.0 10829.974289192867 30663.403136861707 1.0089892931318483e+33
50200000.0 10829.406120938671 30651.04905822531 1.0077777578839313e+33
50300000.0 10828.837952684476 30638.694979588912 1.0065662226360142e+33
50400000.0 10828.26978443028 30626.340900952517 1.005354687388097e+33
50500000.0 10827.701616176084 30613.98682231612 1.0041431521401799e+33
50600000.0 10827.13344792189 30601.632743679726 1.0029316168922628e+33
50700000.0 10826.565279667693 30589.27866504333 1.0017200816443458e+33
50800000.0 10825.997111413497 30576.92458640693 1.0005085463964286e+33
50900000.0 10825.428943159302 30564.570507770535 9.992970111485115e+32
51000000.0 10824.860774905106 30552.21642913414 9.980854759005943e+32
51100000.0 10824.29260665091 30539.862350497744 9.968739406526772e+32
51200000.0 10823.724438396715 30527.50827186135 9.956624054047602e+32
51300000.0 10823.15627014252 30515.154193224953 9.94450870156843e+32
51400000.0 10822.588101888325 30502.800114588557 9.932393349089259e+32
51500000.0 10822.019933634128 30490.446035952158 9.920277996610089e+32
51600000.0 10821.451765379932 30478.091957315763 9.908162644130918e+32
51700000.0 10820.883597125738 30465.737878679367 9.896047291651746e+32
51800000.0 10820.315428871541 30453.38380004297 9.883931939172575e+32
51900000.0 10819.747260617345 30441.029721406576 9.871816586693403e+32
52000000.0 10819.17909236315 30428.675642770177 9.859701234214233e+32
52100000.0 10818.610924108954 30416.32156413378 9.84758588173506e+32
52200000.0 10818.04275585476 30403.967485497385 9.83547052925589e+32
52300000.0 10817.474587600564 30391.61340686099 9.823355176776719e+32
52400000.0 10816.906419346367 30379.259328224594 9.811239824297548e+32
52500000.0 10816.338251092173 30366.9052495882 9.799124471818376e+32
52600000.0 10815.770082837977 30354.551170951803 9.787009119339205e+32
52700000.0 10815.20191458378 30342.197092315404 9.774893766860035e+32
52800000.0 10814.633746329586 30329.84301367901 9.762778414380863e+32
52900000.0 10814.06557807539 30317.488935042613 9.750663061901692e+32
53000000.0 10813.497409821193 30305.134856406217 9.738547709422522e+32
53100000.0 10812.929241566999 30292.78077776982 9.72643235694335e+32
53200000.0 10812.361073312803 30280.426699133423 9.714317004464179e+32
53300000.0 10811.792905058608 30268.072620497027 9.702201651985008e+32
53400000.0 10811.224736804412 30255.71854186063 9.690086299505836e+32
53500000.0 10810.656568550216 30243.364463224236 9.677970947026666e+32
53600000.0 10810.088400296021 30231.01038458784 9.665855594547493e+32
53700000.0 10809.520232041825 30218.656305951445 9.653740242068323e+32
53800000.0 10808.952063787629 30206.302227315045 9.641624889589152e+32
53900000.0 10808.383895533434 30193.94814867865 9.62950953710998e+32
54000000.0 10807.815727279238 30181.594070042254 9.617394184630809e+32
54100000.0 10807.247559025041 30169.23999140586 9.605278832151638e+32
54200000.0 10806.679390770847 30156.885912769463 9.593163479672468e+32
54300000.0 10806.11122251665 30144.531834133068 9.581048127193296e+32
54400000.0 10805.543054262456 30132.17775549667 9.568932774714125e+32
54500000.0 10804.97488600826 30119.823676860273 9.556817422234955e+32
54600000.0 10804.406717754064 30107.469598223877 9.544702069755783e+32
54700000.0 10803.83854949987 30095.11551958748 9.532586717276612e+32
54800000.0 10803.270381245673 30082.761440951086 9.52047136479744e+32
54900000.0 10802.702212991477 30070.40736231469 9.508356012318269e+32
55000000.0 10802.134044737282 30058.05328367829 9.496240659839099e+32
55100000.0 10801.565876483086 30045.699205041896 9.484125307359928e+32
55200000.0 10800.997708228891 30033.3451264055 9.472009954880756e+32
55300000.0 10800.429539974695 30020.991047769105 9.459894602401585e+32
55400000.0 10799.861371720499 30008.63696913271 9.447779249922413e+32
55500000.0 10799.293203466304 29996.282890496313 9.435663897443243e+32
55600000.0 10798.725035212108 29983.928811859914 9.42354854496407e+32
55700000.0 10798.156866957912 29971.57473322352 9.4114331924849e+32
55800000.0 10797.588698703717 29959.220654587123 9.399317840005729e+32
55900000.0 10797.020530449521 29946.866575950728 9.387202487526558e+32
56000000.0 10796.452362195325 29934.512497314332 9.375087135047388e+32
56100000.0 10795.88419394113 29922.158418677936 9.362971782568216e+32
56200000.0 10795.316025686934 29909.804340041537 9.350856430089045e+32
56300000.0 10794.74785743274 29897.45026140514 9.338741077609873e+32
56400000.0 10794.179689178543 29885.096182768746 9.326625725130702e+32
56500000.0 10793.611520924347 29872.74210413235 9.314510372651532e+32
56600000.0 10793.043352670153 29860.388025495955 9.30239502017236e+32
56700000.0 10792.475184415956 29848.033946859556 9.290279667693189e+32
56800000.0 10791.90701616176 29835.67986822316 9.278164315214017e+32
56900000.0 10791.338847907566 29823.325789586765 9.266048962734846e+32
57000000.0 10790.77067965337 29810.97171095037 9.253933610255676e+32
57100000.0 10790.202511399173 29798.617632313973 9.241818257776503e+32
57200000.0 10789.634343144979 29786.263553677578 9.229702905297333e+32
57300000.0 10789.066174890782 29773.909475041182 9.217587552818162e+32
57400000.0 10788.498006636588 29761.555396404783 9.20547220033899e+32
57500000.0 10787.929838382392 29749.201317768388 9.19335684785982e+32
57600000.0 10787.361670128195 29736.847239131992 9.181241495380647e+32
57700000.0 10786.793501874 29724.493160495596 9.169126142901477e+32
57800000.0 10786.225333619805 29712.1390818592 9.157010790422307e+32
57900000.0 10785.657165365608 29699.7850032228 9.144895437943135e+32
58000000.0 10785.088997111414 29687.430924586406 9.132780085463965e+32
58100000.0 10784.520828857218 29675.07684595001 9.120664732984793e+32
58200000.0 10783.952660603023 29662.722767313615 9.108549380505622e+32
58300000.0 10783.384492348827 29650.36868867722 9.09643402802645e+32
58400000.0 10782.81632409463 29638.014610040824 9.084318675547279e+32
58500000.0 10782.248155840436 29625.660531404425 9.072203323068109e+32
58600000.0 10781.67998758624 29613.30645276803 9.060087970588937e+32
58700000.0 10781.111819332044 29600.952374131633 9.047972618109766e+32
58800000.0 10780.543651077849 29588.598295495238 9.035857265630595e+32
58900000.0 10779.975482823653 29576.244216858842 9.023741913151423e+32
59000000.0 10779.407314569457 29563.890138222447 9.011626560672253e+32
59100000.0 10778.839146315262 29551.536059586047 8.99951120819308e+32
59200000.0 10778.270978061066 29539.181980949652 8.98739585571391e+32
59300000.0 10777.702809806871 29526.827902313256 8.97528050323474e+32
59400000.0 10777.134641552675 29514.47382367686 8.963165150755567e+32
59500000.0 10776.566473298479 29502.119745040465 8.951049798276397e+32
59600000.0 10775.998305044284 29489.76566640407 8.938934445797226e+32
59700000.0 10775.430136790088 29477.41158776767 8.926819093318054e+32
59800000.0 10774.861968535892 29465.057509131275 8.914703740838885e+32
59900000.0 10774.293800281697 29452.70343049488 8.902588388359712e+32
60000000.0 10773.725632027501 29440.349351858484 8.890473035880542e+32
60100000.0 10773.157463773307 29427.995273222088 8.87835768340137e+32
60200000.0 10772.58929551911 29415.641194585693 8.866242330922199e+32
60300000.0 10772.021127264914 29403.287115949293 8.854126978443027e+32
60400000.0 10771.45295901072 29390.933037312898 8.842011625963856e+32
60500000.0 10770.884790756523 29378.578958676502 8.829896273484686e+32
60600000.0 10770.316622502327 29366.224880040107 8.817780921005514e+32
60700000.0 10769.748454248132 29353.87080140371 8.805665568526343e+32
60800000.0 10769.180285993936 29341.516722767316 8.793550216047173e+32
60900000.0 10768.61211773974 29329.162644130916 8.781434863568e+32
61000000.0 10768.043949485545 29316.80856549452 8.76931951108883e+32
61100000.0 10767.47578123135 29304.454486858125 8.757204158609659e+32
61200000.0 10766.907612977155 29292.10040822173 8.745088806130487e+32
61300000.0 10766.339444722958 29279.746329585334 8.732973453651317e+32
61400000.0 10765.771276468762 29267.392250948935 8.720858101172144e+32
61500000.0 10765.203108214568 29255.03817231254 8.708742748692974e+32
61600000.0 10764.634939960371 29242.684093676144 8.696627396213803e+32
61700000.0 10764.066771706175 29230.330015039748 8.684512043734632e+32
61800000.0 10763.49860345198 29217.975936403353 8.67239669125546e+32
61900000.0 10762.930435197784 29205.621857766957 8.660281338776289e+32
62000000.0 10762.36226694359 29193.26777913056 8.648165986297119e+32
62100000.0 10761.794098689394 29180.913700494162 8.636050633817947e+32
62200000.0 10761.225930435197 29168.559621857767 8.623935281338776e+32
62300000.0 10760.657762181003 29156.20554322137 8.611819928859606e+32
62400000.0 10760.089593926807 29143.851464584975 8.599704576380433e+32
62500000.0 10759.52142567261 29131.49738594858 8.587589223901263e+32
62600000.0 10758.953257418416 29119.14330731218 8.575473871422092e+32
62700000.0 10758.38508916422 29106.789228675785 8.56335851894292e+32
62800000.0 10757.816920910023 29094.43515003939 8.55124316646375e+32
62900000.0 10757.248752655829 29082.081071402994 8.539127813984577e+32
63000000.0 10756.680584401633 29069.7269927666 8.527012461505407e+32
63100000.0 10756.112416147438 29057.372914130203 8.514897109026236e+32
63200000.0 10755.544247893242 29045.018835493804 8.502781756547064e+32
63300000.0 10754.976079639046 29032.664756857408 8.490666404067894e+32
63400000.0 10754.407911384851 29020.310678221012 8.478551051588721e+32
63500000.0 10753.839743130655 29007.956599584617 8.466435699109551e+32
63600000.0 10753.271574876459 28995.60252094822 8.45432034663038e+32
63700000.0 10752.703406622264 28983.248442311822 8.442204994151209e+32
63800000.0 10752.135238368068 28970.894363675427 8.430089641672039e+32
63900000.0 10751.567070113872 28958.54028503903 8.417974289192866e+32
64000000.0 10750.998901859677 28946.186206402635 8.405858936713696e+32
64100000.0 10750.43073360548 28933.83212776624 8.393743584234524e+32
64200000.0 10749.862565351286 28921.478049129844 8.381628231755353e+32
64300000.0 10749.29439709709 28909.12397049345 8.369512879276183e+32
64400000.0 10748.726228842894 28896.76989185705 8.35739752679701e+32
64500000.0 10748.1580605887 28884.415813220654 8.34528217431784e+32
64600000.0 10747.589892334503 28872.06173458426 8.333166821838669e+32
64700000.0 10747.021724080307 28859.707655947863 8.321051469359497e+32
64800000.0 10746.453555826112 28847.353577311467 8.308936116880327e+32
64900000.0 10745.885387571916 28834.999498675068 8.296820764401156e+32
65000000.0 10745.31721931772 28822.645420038672 8.284705411921984e+32
65100000.0 10744.749051063525 28810.291341402277 8.272590059442813e+32
65200000.0 10744.180882809329 28797.93726276588 8.260474706963641e+32
65300000.0 10743.612714555135 28785.583184129486 8.248359354484471e+32
65400000.0 10743.044546300938 28773.22910549309 8.236244002005299e+32
65500000.0 10742.476378046742 28760.875026856695 8.224128649526129e+32
65600000.0 10741.908209792547 28748.520948220295 8.212013297046957e+32
65700000.0 10741.340041538351 28736.1668695839 8.199897944567786e+32
65800000.0 10740.771873284155 28723.812790947504 8.187782592088616e+32
65900000.0 10740.20370502996 28711.45871231111 8.175667239609443e+32
66000000.0 10739.635536775764 28699.104633674713 8.163551887130273e+32
66100000.0 10739.06736852157 28686.750555038314 8.151436534651101e+32
66200000.0 10738.499200267373 28674.39647640192 8.13932118217193e+32
66300000.0 10737.931032013177 28662.042397765523 8.12720582969276e+32
66400000.0 10737.362863758983 28649.688319129127 8.115090477213588e+32
66500000.0 10736.794695504786 28637.33424049273 8.102975124734417e+32
66600000.0 10736.22652725059 28624.980161856336 8.090859772255246e+32
66700000.0 10735.658358996396 28612.62608321994 8.078744419776074e+32
66800000.0 10735.0901907422 28600.27200458354 8.066629067296904e+32
66900000.0 10734.522022488003 28587.917925947146 8.054513714817731e+32
67000000.0 10733.953854233809 28575.56384731075 8.042398362338561e+32
67100000.0 10733.385685979612 28563.209768674355 8.03028300985939e+32
67200000.0 10732.817517725418 28550.85569003796 8.018167657380218e+32
67300000.0 10732.249349471222 28538.50161140156 8.006052304901048e+32
67400000.0 10731.681181217025 28526.147532765164 7.993936952421876e+32
67500000.0 10731.11301296283 28513.79345412877 7.981821599942706e+32
67600000.0 10730.544844708635 28501.439375492373 7.969706247463536e+32
67700000.0 10729.976676454438 28489.085296855978 7.957590894984363e+32
67800000.0 10729.408508200244 28476.731218219582 7.945475542505193e+32
67900000.0 10728.840339946048 28464.377139583186 7.933360190026021e+32
68000000.0 10728.272171691853 28452.023060946787 7.92124483754685e+32
68100000.0 10727.704003437657 28439.66898231039 7.909129485067678e+32
68200000.0 10727.13583518346 28427.314903673996 7.897014132588507e+32
68300000.0 10726.567666929266 28414.9608250376 7.884898780109337e+32
68400000.0 10725.99949867507 28402.6067464012 7.872783427630166e+32
68500000.0 10725.431330420874 28390.252667764806 7.860668075150994e+32
68600000.0 10724.86316216668 28377.89858912841 7.848552722671823e+32
68700000.0 10724.294993912483 28365.544510492015 7.836437370192651e+32
68800000.0 10723.726825658287 28353.19043185562 7.824322017713481e+32
68900000.0 10723.158657404092 28340.836353219223 7.812206665234308e+32
69000000.0 10722.590489149896 28328.482274582828 7.800091312755138e+32
69100000.0 10722.022320895701 28316.12819594643 7.787975960275968e+32
69200000.0 10721.454152641505 28303.774117310033 7.775860607796796e+32
69300000.0 10720.885984387309 28291.420038673637 7.763745255317626e+32
69400000.0 10720.317816133114 28279.065960037242 7.751629902838454e+32
69500000.0 10719.749647878918 28266.711881400846 7.739514550359283e+32
69600000.0 10719.181479624722 28254.357802764447 7.727399197880113e+32
69700000.0 10718.613311370527 28242.00372412805 7.71528384540094e+32
69800000.0 10718.045143116331 28229.649645491656 7.70316849292177e+32
69900000.0 10717.476974862137 28217.29556685526 7.691053140442598e+32
70000000.0 10716.90880660794 28204.941488218865 7.678937787963427e+32
70100000.0 10716.340638353744 28192.58740958247 7.666822435484255e+32
70200000.0 10715.77247009955 28180.233330946074 7.654707083005084e+32
70300000.0 10715.204301845353 28167.879252309674 7.642591730525914e+32
70400000.0 10714.636133591157 28155.52517367328 7.630476378046741e+32
70500000.0 10714.067965336963 28143.171095036883 7.618361025567571e+32
70600000.0 10713.499797082766 28130.817016400488 7.606245673088401e+32
70700000.0 10712.93162882857 28118.462937764092 7.594130320609228e+32
70800000.0 10712.363460574375 28106.108859127693 7.582014968130058e+32
70900000.0 10711.79529232018 28093.754780491297 7.569899615650887e+32
71000000.0 10711.227124065985 28081.400701854902 7.557784263171715e+32
71100000.0 10710.658955811788 28069.046623218506 7.545668910692545e+32
71200000.0 10710.090787557592 28056.69254458211 7.533553558213373e+32
71300000.0 10709.522619303398 28044.338465945715 7.521438205734203e+32
71400000.0 10708.954451049201 28031.98438730932 7.509322853255031e+32
71500000.0 10708.386282795005 28019.63030867292 7.49720750077586e+32
71600000.0 10707.81811454081 28007.276230036525 7.485092148296688e+32
71700000.0 10707.249946286614 27994.92215140013 7.472976795817517e+32
71800000.0 10706.681778032418 27982.568072763734 7.460861443338347e+32
71900000.0 10706.113609778224 27970.213994127338 7.448746090859175e+32
72000000.0 10705.545441524027 27957.85991549094 7.436630738380004e+32
72100000.0 10704.977273269833 27945.505836854543 7.424515385900834e+32
72200000.0 10704.409105015637 27933.151758218148 7.412400033421661e+32
72300000.0 10703.84093676144 27920.797679581752 7.400284680942491e+32
72400000.0 10703.272768507246 27908.443600945357 7.38816932846332e+32
72500000.0 10702.70460025305 27896.08952230896 7.376053975984148e+32
72600000.0 10702.136431998853 27883.73544367256 7.363938623504977e+32
72700000.0 10701.568263744659 27871.381365036166 7.351823271025805e+32
72800000.0 10701.000095490463 27859.02728639977 7.339707918546635e+32
72900000.0 10700.431927236268 27846.673207763375 7.327592566067464e+32
73000000.0 10699.863758982072 27834.31912912698 7.315477213588292e+32
73100000.0 10699.295590727876 27821.96505049058 7.303361861109122e+32
73200000.0 10698.727422473681 27809.610971854185 7.291246508629951e+32
73300000.0 10698.159254219485 27797.25689321779 7.27913115615078e+32
73400000.0 10697.591085965289 27784.902814581394 7.267015803671607e+32
73500000.0 10697.022917711094 27772.548735944998 7.254900451192437e+32
73600000.0 10696.454749456898 27760.194657308602 7.242785098713267e+32
73700000.0 10695.886581202702 27747.840578672207 7.230669746234094e+32
73800000.0 10695.318412948507 27735.486500035808 7.218554393754924e+32
73900000.0 10694.75024469431 27723.132421399412 7.206439041275752e+32
74000000.0 10694.182076440116 27710.778342763017 7.194323688796581e+32
74100000.0 10693.61390818592 27698.42426412662 7.182208336317411e+32
74200000.0 10693.045739931724 27686.07018549022 7.170092983838238e+32
74300000.0 10692.47757167753 27673.716106853826 7.157977631359068e+32
74400000.0 10691.909403423333 27661.36202821743 7.145862278879897e+32
74500000.0 10691.341235169137 27649.007949581035 7.133746926400725e+32
74600000.0 10690.773066914942 27636.65387094464 7.121631573921555e+32
74700000.0 10690.204898660746 27624.299792308244 7.109516221442384e+32
74800000.0 10689.63673040655 27611.94571367185 7.097400868963212e+32
74900000.0 10689.068562152355 27599.59163503545 7.08528551648404e+32
75000000.0 10688.500393898159 27587.237556399054 7.07317016400487e+32
75100000.0 10687.932225643965 27574.883477762658 7.0610548115257e+32
75200000.0 10687.364057389768 27562.529399126262 7.048939459046527e+32
75300000.0 10686.795889135572 27550.175320489867 7.036824106567357e+32
75400000.0 10686.227720881378 27537.82124185347 7.024708754088185e+32
75500000.0 10685.659552627181 27525.467163217072 7.012593401609014e+32
75600000.0 10685.091384372985 27513.113084580677 7.000478049129844e+32
75700000.0 10684.52321611879 27500.75900594428 6.988362696650671e+32
75800000.0 10683.955047864594 27488.404927307885 6.976247344171501e+32
75900000.0 10683.3868796104 27476.05084867149 6.96413199169233e+32
76000000.0 10682.818711356203 27463.696770035094 6.952016639213158e+32
76100000.0 10682.250543102007 27451.3426913987 6.939901286733988e+32
76200000.0 10681.682374847813 27438.9886127623 6.927785934254817e+32
76300000.0 10681.114206593616 27426.634534125904 6.915670581775645e+32
76400000.0 10680.54603833942 27414.28045548951 6.903555229296475e+32
76500000.0 10679.977870085226 27401.92637685311 6.891439876817302e+32
76600000.0 10679.40970183103 27389.572298216714 6.879324524338132e+32
76700000.0 10678.841533576833 27377.218219580318 6.86720917185896e+32
76800000.0 10678.273365322639 27364.864140943922 6.85509381937979e+32
76900000.0 10677.705197068442 27352.510062307527 6.842978466900618e+32
77000000.0 10677.137028814248 27340.15598367113 6.830863114421447e+32
77100000.0 10676.568860560052 27327.801905034736 6.818747761942277e+32
77200000.0 10676.000692305855 27315.44782639834 6.806632409463105e+32
77300000.0 10675.432524051661 27303.09374776194 6.794517056983934e+32
77400000.0 10674.864355797465 27290.739669125545 6.782401704504762e+32
77500000.0 10674.296187543268 27278.38559048915 6.770286352025591e+32
77600000.0 10673.728019289074 27266.031511852754 6.758170999546421e+32
77700000.0 10673.159851034878 27253.67743321636 6.74605564706725e+32
77800000.0 10672.591682780683 27241.32335457996 6.733940294588078e+32
77900000.0 10672.023514526487 27228.969275943564 6.721824942108908e+32
78000000.0 10671.45534627229 27216.61519730717 6.709709589629737e+32
78100000.0 10670.887178018096 27204.261118670773 6.697594237150565e+32
78200000.0 10670.3190097639 27191.907040034377 6.685478884671392e+32
78300000.0 10669.750841509704 27179.55296139798 6.673363532192222e+32
78400000.0 10669.18267325551 27167.198882761586 6.661248179713051e+32
78500000.0 10668.614505001313 27154.844804125187 6.64913282723388e+32
78600000.0 10668.046336747117 27142.49072548879 6.63701747475471e+32
78700000.0 10667.478168492922 27130.136646852396 6.624902122275538e+32
78800000.0 10666.910000238726 27117.782568216 6.612786769796367e+32
78900000.0 10666.341831984531 27105.4284895796 6.600671417317195e+32
79000000.0 10665.773663730335 27093.074410943205 6.588556064838024e+32
79100000.0 10665.205495476139 27080.72033230681 6.576440712358854e+32
79200000.0 10664.637327221944 27068.366253670414 6.564325359879682e+32
79300000.0 10664.069158967748 27056.01217503402 6.552210007400511e+32
79400000.0 10663.500990713552 27043.658096397623 6.540094654921341e+32
79500000.0 10662.932822459357 27031.304017761227 6.52797930244217e+32
79600000.0 10662.364654205161 27018.94993912483 6.515863949962998e+32
79700000.0 10661.796485950965 27006.595860488433 6.503748597483825e+32
79800000.0 10661.22831769677 26994.241781852037 6.491633245004655e+32
79900000.0 10660.660149442574 26981.88770321564 6.4795178925254836e+32
80000000.0 10660.09198118838 26969.533624579246 6.467402540046313e+32
80100000.0 10659.523812934183 26957.17954594285 6.455287187567142e+32
80200000.0 10658.955644679987 26944.82546730645 6.443171835087971e+32
80300000.0 10658.387476425793 26932.471388670056 6.4310564826088e+32
80400000.0 10657.819308171596 26920.11731003366 6.418941130129628e+32
80500000.0 10657.2511399174 26907.763231397264 6.4068257776504564e+32
80600000.0 10656.682971663206 26895.40915276087 6.394710425171286e+32
80700000.0 10656.11480340901 26883.055074124473 6.382595072692115e+32
80800000.0 10655.546635154815 26870.700995488078 6.3704797202129436e+32
80900000.0 10654.978466900619 26858.34691685168 6.358364367733773e+32
81000000.0 10654.410298646422 26845.992838215283 6.346249015254602e+32
81100000.0 10653.842130392228 26833.638759578887 6.334133662775431e+32
81200000.0 10653.273962138031 26821.28468094249 6.3220183102962586e+32
81300000.0 10652.705793883835 26808.930602306093 6.309902957817088e+32
81400000.0 10652.13762562964 26796.576523669697 6.2977876053379164e+32
81500000.0 10651.569457375444 26784.2224450333 6.285672252858746e+32
81600000.0 10651.001289121248 26771.868366396906 6.273556900379575e+32
81700000.0 10650.433120867054 26759.51428776051 6.2614415479004035e+32
81800000.0 10649.864952612857 26747.160209124115 6.249326195421233e+32
81900000.0 10649.296784358663 26734.80613048772 6.2372108429420614e+32
82000000.0 10648.728616104467 26722.45205185132 6.225095490462889e+32
82100000.0 10648.16044785027 26710.097973214924 6.2129801379837185e+32
82200000.0 10647.592279596076 26697.74389457853 6.200864785504548e+32
82300000.0 10647.02411134188 26685.389815942133 6.1887494330253764e+32
82400000.0 10646.455943087683 26673.035737305738 6.176634080546206e+32
82500000.0 10645.887774833489 26660.68165866934 6.164518728067035e+32
82600000.0 10645.319606579293 26648.327580032943 6.1524033755878635e+32
82700000.0 10644.751438325096 26635.973501396547 6.140288023108693e+32
82800000.0 10644.183270070902 26623.61942276015 6.1281726706295206e+32
82900000.0 10643.615101816706 26611.265344123756 6.116057318150349e+32
83000000.0 10643.046933562511 26598.91126548736 6.1039419656711785e+32
83100000.0 10642.478765308315 26586.557186850965 6.091826613192008e+32
83200000.0 10641.910597054119 26574.203108214566 6.079711260712836e+32
83300000.0 10641.342428799924 26561.84902957817 6.0675959082336656e+32
83400000.0 10640.774260545728 26549.494950941775 6.055480555754494e+32
83500000.0 10640.206092291532 26537.14087230538 6.0433652032753235e+32
83600000.0 10639.637924037337 26524.78679366898 6.031249850796151e+32
83700000.0 10639.06975578314 26512.432715032584 6.0191344983169806e+32
83800000.0 10638.501587528946 26500.07863639619 6.007019145837809e+32
83900000.0 10637.93341927475 26487.724557759793 5.994903793358638e+32
84000000.0 10637.365251020554 26475.370479123398 5.982788440879468e+32
84100000.0 10636.79708276636 26463.016400487002 5.970673088400296e+32
84200000.0 10636.228914512163 26450.662321850607 5.958557735921125e+32
84300000.0 10635.660746257967 26438.308243214207 5.9464423834419534e+32
84400000.0 10635.092578003772 26425.95416457781 5.934327030962782e+32
84500000.0 10634.524409749576 26413.600085941416 5.9222116784836105e+32
84600000.0 10633.95624149538 26401.24600730502 5.9100963260044406e+32
84700000.0 10633.388073241185 26388.891928668625 5.897980973525269e+32
84800000.0 10632.819904986989 26376.53785003223 5.885865621046098e+32
84900000.0 10632.251736732795 26364.18377139583 5.873750268566928e+32
85000000.0 10631.683568478598 26351.829692759435 5.861634916087756e+32
85100000.0 10631.115400224402 26339.47561412304 5.849519563608585e+32
85200000.0 10630.547231970208 26327.121535486644 5.8374042111294134e+32
85300000.0 10629.979063716011 26314.767456850248 5.825288858650242e+32
85400000.0 10629.410895461815 26302.413378213852 5.8131735061710705e+32
85500000.0 10628.84272720762 26290.059299577457 5.8010581536919005e+32
85600000.0 10628.274558953424 26277.705220941058 5.788942801212729e+32
85700000.0 10627.70639069923 26265.351142304662 5.776827448733558e+32
85800000.0 10627.138222445034 26252.997063668266 5.764712096254388e+32
85900000.0 10626.570054190837 26240.642985031867 5.752596743775215e+32
86000000.0 10626.001885936643 26228.28890639547 5.740481391296043e+32
86100000.0 10625.433717682447 26215.934827759076 5.728366038816873e+32
86200000.0 10624.86554942825 26203.58074912268 5.716250686337702e+32
86300000.0 10624.297381174056 26191.226670486285 5.7041353338585305e+32
86400000.0 10623.72921291986 26178.87259184989 5.6920199813793605e+32
86500000.0 10623.161044665663 26166.518513213494 5.679904628900189e+32
86600000.0 10622.592876411469 26154.1644345771 5.6677892764210176e+32
86700000.0 10622.024708157272 26141.8103559407 5.655673923941846e+32
86800000.0 10621.456539903078 26129.456277304304 5.643558571462675e+32
86900000.0 10620.888371648882 26117.102198667908 5.631443218983503e+32
87000000.0 10620.320203394685 26104.748120031512 5.619327866504333e+32
87100000.0 10619.752035140491 26092.394041395117 5.607212514025162e+32
87200000.0 10619.183866886295 26080.039962758718 5.5950971615459904e+32
87300000.0 10618.615698632098 26067.685884122322 5.5829818090668204e+32
87400000.0 10618.047530377904 26055.331805485926 5.570866456587649e+32
87500000.0 10617.479362123708 26042.97772684953 5.558751104108476e+32
87600000.0 10616.911193869511 26030.623648213135 5.546635751629306e+32
87700000.0 10616.343025615317 26018.26956957674 5.534520399150135e+32
87800000.0 10615.77485736112 26005.915490940344 5.522405046670963e+32
87900000.0 10615.206689106926 25993.561412303945 5.510289694191793e+32
88000000.0 10614.63852085273 25981.20733366755 5.498174341712622e+32
88100000.0 10614.070352598534 25968.853255031154 5.4860589892334504e+32
88200000.0 10613.50218434434 25956.49917639476 5.4739436367542804e+32
88300000.0 10612.934016090143 25944.14509775836 5.4618282842751075e+32
88400000.0 10612.365847835947 25931.791019121963 5.449712931795936e+32
88500000.0 10611.797679581752 25919.436940485568 5.437597579316766e+32
88600000.0 10611.229511327556 25907.082861849172 5.425482226837595e+32
88700000.0 10610.661343073361 25894.728783212777 5.413366874358423e+32
88800000.0 10610.093174819165 25882.37470457638 5.401251521879253e+32
88900000.0 10609.525006564969 25870.020625939986 5.389136169400082e+32
89000000.0 10608.956838310774 25857.666547303586 5.377020816920909e+32
89100000.0 10608.388670056578 25845.31246866719 5.364905464441739e+32
89200000.0 10607.820501802382 25832.958390030795 5.3527901119625675e+32
89300000.0 10607.252333548187 25820.6043113944 5.340674759483396e+32
89400000.0 10606.684165293991 25808.250232758004 5.328559407004226e+32
89500000.0 10606.115997039795 25795.89615412161 5.3164440545250546e+32
89600000.0 10605.5478287856 25783.54207548521 5.304328702045883e+32
89700000.0 10604.979660531404 25771.187996848814 5.292213349566713e+32
89800000.0 10604.41149227721 25758.83391821242 5.28009799708754e+32
89900000.0 10603.843324023013 25746.479839576023 5.267982644608369e+32
90000000.0 10603.275155768817 25734.125760939627 5.255867292129199e+32
90100000.0 10602.706987514623 25721.77168230323 5.2437519396500275e+32
90200000.0 10602.138819260426 25709.417603666836 5.231636587170856e+32
90300000.0 10601.57065100623 25697.063525030437 5.219521234691686e+32
90400000.0 10601.002482752036 25684.70944639404 5.2074058822125146e+32
90500000.0 10600.43431449784 25672.355367757646 5.195290529733343e+32
90600000.0 10599.866146243643 25660.001289121246 5.183175177254172e+32
90700000.0 10599.297977989449 25647.64721048485 5.171059824775e+32
90800000.0 10598.729809735252 25635.293131848455 5.158944472295829e+32
90900000.0 10598.161641481058 25622.93905321206 5.146829119816659e+32
91000000.0 10597.593473226862 25610.584974575664 5.1347137673374874e+32
91100000.0 10597.025304972665 25598.23089593927 5.122598414858316e+32
91200000.0 10596.45713671847 25585.876817302873 5.110483062379146e+32
91300000.0 10595.888968464275 25573.522738666477 5.0983677098999745e+32
91400000.0 10595.320800210078 25561.168660030078 5.086252357420802e+32
91500000.0 10594.752631955884 25548.814581393683 5.074137004941632e+32
91600000.0 10594.184463701687 25536.460502757287 5.06202165246246e+32
91700000.0 10593.616295447493 25524.10642412089 5.049906299983289e+32
91800000.0 10593.048127193297 25511.752345484496 5.037790947504119e+32
91900000.0 10592.4799589391 25499.398266848097 5.0256755950249474e+32
92000000.0 10591.911790684906 25487.0441882117 5.013560242545776e+32
92100000.0 10591.34362243071 25474.690109575306 5.001444890066606e+32
92200000.0 10590.775454176513 25462.33603093891 4.989329537587433e+32
92300000.0 10590.207285922319 25449.981952302514 4.9772141851082616e+32
92400000.0 10589.639117668123 25437.62787366612 4.965098832629092e+32
92500000.0 10589.070949413926 25425.273795029723 4.95298348014992e+32
92600000.0 10588.502781159732 25412.919716393324 4.940868127670749e+32
92700000.0 10587.934612905536 25400.56563775693 4.928752775191579e+32
92800000.0 10587.366444651341 25388.211559120533 4.916637422712407e+32
92900000.0 10586.798276397145 25375.857480484137 4.9045220702332345e+32
93000000.0 10586.230108142949 25363.503401847738 4.8924067177540645e+32
93100000.0 10585.661939888754 25351.149323211343 4.880291365274893e+32
93200000.0 10585.093771634558 25338.795244574947 4.8681760127957216e+32
93300000.0 10584.525603380362 25326.44116593855 4.8560606603165516e+32
93400000.0 10583.957435126167 25314.087087302156 4.84394530783738e+32
93500000.0 10583.38926687197 25301.73300866576 4.831829955358209e+32
93600000.0 10582.821098617776 25289.378930029365 4.819714602879039e+32
93700000.0 10582.25293036358 25277.024851392966 4.807599250399866e+32
93800000.0 10581.684762109384 25264.67077275657 4.7954838979206944e+32
93900000.0 10581.11659385519 25252.316694120174 4.7833685454415244e+32
94000000.0 10580.548425600993 25239.96261548378 4.771253192962353e+32
94100000.0 10579.980257346797 25227.608536847383 4.7591378404831816e+32
94200000.0 10579.412089092602 25215.254458210988 4.7470224880040116e+32
94300000.0 10578.843920838406 25202.90037957459 4.73490713552484e+32
94400000.0 10578.27575258421 25190.546300938193 4.722791783045669e+32
94500000.0 10577.707584330015 25178.192222301797 4.710676430566497e+32
94600000.0 10577.13941607582 25165.8381436654 4.698561078087326e+32
94700000.0 10576.571247821625 25153.484065029006 4.6864457256081544e+32
94800000.0 10576.003079567428 25141.12998639261 4.6743303731289844e+32
94900000.0 10575.434911313232 25128.775907756215 4.662215020649813e+32
95000000.0 10574.866743059038 25116.421829119816 4.6500996681706415e+32
95100000.0 10574.298574804841 25104.06775048342 4.6379843156914715e+32
95200000.0 10573.730406550645 25091.713671847025 4.6258689632123e+32
95300000.0 10573.16223829645 25079.359593210625 4.613753610733127e+32
95400000.0 10572.594070042254 25067.00551457423 4.601638258253957e+32
95500000.0 10572.025901788058 25054.651435937834 4.589522905774786e+32
95600000.0 10571.457733533864 25042.29735730144 4.577407553295614e+32
95700000.0 10570.889565279667 25029.943278665043 4.565292200816444e+32
95800000.0 10570.321397025473 25017.589200028648 4.553176848337273e+32
95900000.0 10569.753228771277 25005.235121392252 4.5410614958581015e+32
96000000.0 10569.18506051708 24992.881042755856 4.5289461433789315e+32
96100000.0 10568.616892262886 24980.526964119457 4.5168307908997586e+32
96200000.0 10568.04872400869 24968.17288548306 4.504715438420587e+32
96300000.0 10567.480555754493 24955.818806846666 4.492600085941417e+32
96400000.0 10566.912387500299 24943.46472821027 4.480484733462246e+32
96500000.0 10566.344219246103 24931.110649573875 4.468369380983074e+32
96600000.0 10565.776050991908 24918.756570937476 4.456254028503904e+32
96700000.0 10565.207882737712 24906.40249230108 4.444138676024733e+32
96800000.0 10564.639714483515 24894.048413664685 4.4320233235455614e+32
96900000.0 10564.071546229321 24881.69433502829 4.41990797106639e+32
97000000.0 10563.503377975125 24869.340256391893 4.4077926185872186e+32
97100000.0 10562.935209720928 24856.986177755498 4.395677266108047e+32
97200000.0 10562.367041466734 24844.632099119102 4.383561913628877e+32
97300000.0 10561.798873212538 24832.278020482707 4.371446561149706e+32
97400000.0 10561.230704958341 24819.923941846308 4.359331208670534e+32
97500000.0 10560.662536704147 24807.569863209912 4.347215856191364e+32
97600000.0 10560.09436844995 24795.215784573513 4.3351005037121914e+32
97700000.0 10559.526200195756 24782.861705937117 4.32298515123302e+32
97800000.0 10558.95803194156 24770.50762730072 4.31086979875385e+32
97900000.0 10558.389863687364 24758.153548664326 4.2987544462746785e+32
98000000.0 10557.82169543317 24745.79947002793 4.286639093795507e+32
98100000.0 10557.253527178973 24733.445391391535 4.274523741316337e+32
98200000.0 10556.685358924777 24721.09131275514 4.262408388837166e+32
98300000.0 10556.117190670582 24708.737234118744 4.250293036357994e+32
98400000.0 10555.549022416386 24696.38315548235 4.238177683878823e+32
98500000.0 10554.98085416219 24684.02907684595 4.2260623313996514e+32
98600000.0 10554.412685907995 24671.674998209553 4.21394697892048e+32
98700000.0 10553.844517653799 24659.320919573158 4.20183162644131e+32
98800000.0 10553.276349399604 24646.966840936762 4.1897162739621385e+32
98900000.0 10552.708181145408 24634.612762300363 4.177600921482967e+32
99000000.0 10552.140012891212 24622.258683663968 4.165485569003797e+32
99100000.0 10551.571844637017 24609.904605027572 4.1533702165246256e+32
99200000.0 10551.003676382821 24597.550526391176 4.141254864045453e+32
99300000.0 10550.435508128625 24585.19644775478 4.129139511566283e+32
99400000.0 10549.86733987443 24572.842369118385 4.117024159087111e+32
99500000.0 10549.299171620234 24560.48829048199 4.10490880660794e+32
99600000.0 10548.73100336604 24548.134211845594 4.09279345412877e+32
99700000.0 10548.162835111843 24535.7801332092 4.0806781016495985e+32
99800000.0 10547.594666857647 24523.4260545728 4.068562749170427e+32
99900000.0 10547.026498603453 24511.071975936404 4.0564473966912556e+32
100000000.0 10546.458330349256 24498.717897300005 4.044332044212084e+32
