19920 13617.0 259448.0 6.5e+36
29920.0 10453.932951757972 250726.43990188063 1.3810956663941148e+36
39920.0 7828.561144839549 240866.289679098 -4.147875108412901e+35
49920.0 5675.188757807079 233509.92921582234 -1.3537335183900038e+36
59920.0 4155.7317722192665 221630.61096327833 -2.5749281532730148e+36
69920.0 3496.0 218931.8058252427 -1.6457281553398114e+36
79920.0 3353.8082788671027 158416.49019607843 -7.886884531590408e+36
89920.0 3559.890510948905 189031.60097323603 -2.3204136253041347e+36
99920.0 4080.4259647651006 143837.39869966445 -4.5210465604026845e+36
109920.0 4686.707169811321 155874.3841509434 -2.0942490566037746e+36
119920.0 5409.180668282914 151639.63413091598 -1.3998861600084323e+36
129920.0 6354.562270734545 175261.05184754406 7.626948197190687e+34
139920.0 7099.383936550492 180738.25882484362 4.7391554959785524e+35
149920.0 7036.116288159302 178370.75193367893 4.3981834732164894e+35
159920.0 7012.322437532571 177036.99346526235 4.2922425532790255e+35
169920.0 6988.52858690584 175703.23499684577 4.186301633341562e+35
179920.0 6964.734736279108 174369.4765284292 4.080360713404098e+35
189920.0 6940.940885652377 173035.71806001262 3.974419793466633e+35
199920.0 6917.147035025645 171701.95959159604 3.8684788735291694e+35
209920.0 6893.353184398914 170368.20112317946 3.7625379535917055e+35
219920.0 6869.559333772182 169034.44265476288 3.656597033654242e+35
229920.0 6845.765483145451 167700.6841863463 3.550656113716778e+35
239920.0 6821.97163251872 166366.92571792973 3.444715193779313e+35
249920.0 6798.177781891988 165033.16724951315 3.3387742738418494e+35
259920.0 6774.383931265257 163699.40878109657 3.2328333539043855e+35
269920.0 6750.590080638525 162365.65031268 3.1268924339669217e+35
279920.0 6726.796230011794 161031.89184426342 3.020951514029458e+35
289920.0 6703.002379385062 159698.13337584684 2.9150105940919936e+35
299920.0 6679.208528758331 158364.37490743026 2.8090696741545294e+35
309920.0 6655.414678131599 157030.61643901368 2.7031287542170655e+35
319920.0 6631.620827504868 155696.8579705971 2.5971878342796017e+35
329920.0 6607.826976878137 154363.09950218053 2.4912469143421375e+35
339920.0 6584.0331262514055 153029.34103376395 2.3853059944046736e+35
349920.0 6560.2392756246745 151695.58256534737 2.2793650744672097e+35
359920.0 6536.445424997943 150361.8240969308 2.1734241545297455e+35
369920.0 6512.651574371212 149028.06562851422 2.0674832345922813e+35
379920.0 6488.857723744481 147694.30716009764 1.9615423146548174e+35
389920.0 6465.063873117749 146360.54869168106 1.8556013947173536e+35
399920.0 6441.270022491018 145026.79022326448 1.7496604747798897e+35
409920.0 6417.476171864286 143693.0317548479 1.6437195548424255e+35
419920.0 6393.682321237555 142359.27328643133 1.5377786349049613e+35
429920.0 6369.888470610823 141025.51481801475 1.4318377149674974e+35
439920.0 6354.864665474778 140075.5580175489 1.3661088107297947e+35
449920.0 6352.137462675782 139663.73485528343 1.3567617310511851e+35
459920.0 6349.410259876787 139251.91169301796 1.3474146513725754e+35
469920.0 6346.68305707779 138840.08853075252 1.3380675716939658e+35
479920.0 6343.9558542787945 138428.26536848705 1.3287204920153563e+35
489920.0 6341.228651479799 138016.4422062216 1.3193734123367465e+35
499920.0 6338.501448680803 137604.61904395613 1.310026332658137e+35
509920.0 6335.7742458818075 137192.7958816907 1.3006792529795272e+35
519920.0 6333.047043082812 136780.97271942522 1.2913321733009176e+35
529920.0 6330.319840283815 136369.14955715975 1.281985093622308e+35
539920.0 6327.5926374848195 135957.3263948943 1.2726380139436983e+35
549920.0 6324.865434685824 135545.50323262883 1.2632909342650888e+35
559920.0 6322.138231886828 135133.6800703634 1.253943854586479e+35
569920.0 6319.4110290878325 134721.85690809792 1.2445967749078694e+35
579920.0 6316.683826288837 134310.03374583248 1.2352496952292599e+35
589920.0 6313.95662348984 133898.210583567 1.2259026155506501e+35
599920.0 6311.229420690845 133486.38742130157 1.2165555358720406e+35
609920.0 6308.502217891849 133074.5642590361 1.2072084561934308e+35
619920.0 6305.775015092853 132662.74109677062 1.1978613765148213e+35
629920.0 6303.0478122938575 132250.91793450518 1.1885142968362117e+35
639920.0 6300.320609494862 131839.0947722397 1.179167217157602e+35
649920.0 6297.593406695865 131427.27160997427 1.1698201374789924e+35
659920.0 6294.86620389687 131015.4484477088 1.1604730578003826e+35
669920.0 6292.139001097874 130603.62528544334 1.151125978121773e+35
679920.0 6289.411798298878 130191.80212317788 1.1417788984431635e+35
689920.0 6286.684595499883 129779.97896091243 1.1324318187645537e+35
699920.0 6283.957392700887 129368.15579864697 1.1230847390859442e+35
709920.0 6281.23018990189 128956.3326363815 1.1137376594073344e+35
719920.0 6278.502987102895 128544.50947411604 1.1043905797287249e+35
729920.0 6275.775784303899 128132.68631185059 1.0950435000501153e+35
739920.0 6273.048581504903 127720.86314958513 1.0856964203715056e+35
749920.0 6270.321378705908 127309.03998731967 1.0763493406928958e+35
759920.0 6267.594175906912 126897.21682505422 1.0670022610142862e+35
769920.0 6264.866973107915 126485.39366278876 1.0576551813356767e+35
779920.0 6262.13977030892 126073.57050052329 1.0483081016570671e+35
789920.0 6259.412567509924 125661.74733825783 1.0389610219784574e+35
799920.0 6256.685364710928 125249.92417599238 1.0296139422998478e+35
809920.0 6253.958161911933 124838.10101372692 1.020266862621238e+35
819920.0 6251.230959112937 124426.27785146146 1.0109197829426285e+35
829920.0 6248.50375631394 124014.454689196 1.001572703264019e+35
839920.0 6245.776553514945 123602.63152693055 9.922256235854092e+34
849920.0 6243.049350715949 123190.80836466509 9.828785439067996e+34
859920.0 6240.322147916953 122778.98520239964 9.735314642281899e+34
869920.0 6237.594945117958 122367.16204013416 9.641843845495803e+34
879920.0 6234.867742318961 121955.33887786871 9.548373048709706e+34
889920.0 6232.140539519965 121543.51571560325 9.45490225192361e+34
899920.0 6229.41333672097 121131.6925533378 9.361431455137512e+34
909920.0 6226.686133921974 120719.86939107234 9.267960658351417e+34
919920.0 6223.958931122978 120308.04622880687 9.174489861565321e+34
929920.0 6221.231728323983 119896.22306654142 9.081019064779224e+34
939920.0 6218.504525524986 119484.39990427595 8.987548267993128e+34
949920.0 6215.77732272599 119072.5767420105 8.89407747120703e+34
959920.0 6213.050119926995 118660.75357974504 8.800606674420935e+34
969920.0 6210.322917127999 118248.93041747958 8.70713587763484e+34
979920.0 6207.595714329003 117837.10725521413 8.613665080848744e+34
989920.0 6204.868511530008 117425.28409294867 8.520194284062646e+34
999920.0 6202.141308731012 117013.46093068321 8.426723487276549e+34
1009920.0 6199.414105932015 116601.63776841774 8.333252690490453e+34
1109920.0 6172.142077942058 112483.40614576316 7.39854472262949e+34
1209920.0 6144.870049952099 108365.17452310858 6.4638367547685245e+34
1309920.0 6117.598021962141 104246.94290045399 5.529128786907562e+34
1409920.0 6090.325993972183 100128.7112777994 4.594420819046598e+34
1509920.0 6063.053965982224 96010.47965514482 3.659712851185632e+34
1609920.0 6035.781937992266 91892.24803249023 2.7250048833246702e+34
1709920.0 6008.509910002308 87774.01640983565 1.7902969154637064e+34
1809920.0 6003.123864546053 86737.2467358141 1.6481974904101788e+34
1909920.0 6000.97060452775 86155.64078587045 1.6231745251974835e+34
2009920.0 5998.817344509447 85574.0348359268 1.5981515599847884e+34
2109920.0 5996.664084491144 84992.42888598314 1.573128594772093e+34
2209920.0 5994.510824472842 84410.82293603949 1.548105629559398e+34
2309920.0 5992.357564454539 83829.21698609584 1.5230826643467028e+34
2409920.0 5990.204304436236 83247.6110361522 1.4980596991340074e+34
2509920.0 5988.051044417934 82666.00508620855 1.4730367339213123e+34
2609920.0 5985.897784399631 82084.3991362649 1.4480137687086172e+34
2709920.0 5983.744524381328 81502.79318632124 1.4229908034959218e+34
2809920.0 5981.591264363025 80921.18723637759 1.3979678382832267e+34
2909920.0 5979.438004344723 80339.58128643394 1.3729448730705316e+34
3009920.0 5977.28474432642 79757.97533649029 1.3479219078578363e+34
3109920.0 5975.131484308117 79176.36938654663 1.3228989426451411e+34
3209920.0 5972.9782242898145 78594.76343660298 1.2978759774324458e+34
3309920.0 5970.824964271512 78013.15748665934 1.2728530122197507e+34
3409920.0 5968.671704253209 77431.55153671569 1.2478300470070553e+34
3509920.0 5966.518444234906 76849.94558677204 1.2228070817943602e+34
3609920.0 5964.365184216604 76268.33963682839 1.197784116581665e+34
3709920.0 5962.211924198301 75686.73368688473 1.1727611513689697e+34
3809920.0 5960.058664179998 75105.12773694108 1.1477381861562746e+34
3909920.0 5957.9054041616955 74523.52178699743 1.1227152209435795e+34
4009920.0 5955.752144143393 73941.91583705379 1.0976922557308841e+34
4109920.0 5953.59888412509 73360.30988711014 1.072669290518189e+34
4209920.0 5951.445624106787 72778.70393716649 1.047646325305494e+34
4309920.0 5949.292364088485 72197.09798722283 1.0226233600927986e+34
4409920.0 5947.139104070182 71615.49203727918 9.976003948801033e+33
4509920.0 5944.98584405188 71033.88608733553 9.725774296674082e+33
4609920.0 5942.832584033577 70452.28013739188 9.47554464454713e+33
4709920.0 5940.679324015275 69870.67418744822 9.225314992420179e+33
4809920.0 5938.526063996972 69289.06823750457 8.975085340293225e+33
4909920.0 5936.372803978669 68707.46228756093 8.724855688166274e+33
5009920.0 5934.2195439603665 68125.85633761728 8.474626036039322e+33
5109920.0 5932.066283942064 67544.25038767363 8.22439638391237e+33
5209920.0 5929.913023923761 66962.64443772998 7.974166731785417e+33
5309920.0 5927.759763905458 66381.03848778633 7.723937079658466e+33
5409920.0 5925.606503887156 65799.43253784267 7.473707427531512e+33
5509920.0 5923.453243868853 65217.82658789903 7.223477775404561e+33
5609920.0 5921.29998385055 64636.22063795537 6.973248123277609e+33
5709920.0 5919.1467238322475 64054.61468801172 6.723018471150658e+33
5809920.0 5916.993463813945 63473.00873806808 6.472788819023706e+33
5909920.0 5914.840203795642 62891.402788124426 6.222559166896753e+33
6009920.0 5912.686943777339 62309.79683818077 5.972329514769802e+33
6109920.0 5910.533683759037 61728.19088823712 5.722099862642848e+33
6209920.0 5908.380423740734 61146.58493829347 5.471870210515897e+33
6309920.0 5906.227163722431 60564.978988349816 5.221640558388943e+33
6409920.0 5904.0739037041285 59983.37303840617 4.9714109062619923e+33
6509920.0 5901.920643685826 59401.76708846252 4.721181254135041e+33
6609920.0 5899.767383667523 58820.16113851887 4.47095160200809e+33
6709920.0 5897.61412364922 58238.55518857522 4.2207219498811364e+33
6809920.0 5895.460863630918 57656.94923863157 3.970492297754185e+33
6909920.0 5893.307603612615 57075.343288687916 3.720262645627232e+33
7009920.0 5891.154343594312 56493.737338744264 3.4700329935002806e+33
7109920.0 5889.0010835760095 55912.13138880062 3.2198033413733294e+33
7209920.0 5886.847823557707 55330.52543885697 2.969573689246376e+33
7309920.0 5884.694563539404 54748.91948891332 2.719344037119425e+33
7409920.0 5882.541303521101 54167.31353896966 2.4691143849924712e+33
7509920.0 5880.912572251996 53740.48658322944 2.288646250344057e+33
7609920.0 5880.604944707997 53703.49356151741 2.2838828806890856e+33
7709920.0 5880.297317163998 53666.50053980538 2.2791195110341142e+33
7809920.0 5879.989689619999 53629.507518093356 2.2743561413791427e+33
7909920.0 5879.682062076 53592.51449638133 2.2695927717241713e+33
8009920.0 5879.374434532001 53555.5214746693 2.2648294020692e+33
8109920.0 5879.066806988002 53518.528452957275 2.2600660324142284e+33
8209920.0 5878.759179444004 53481.53543124525 2.255302662759257e+33
8309920.0 5878.451551900005 53444.54240953321 2.2505392931042855e+33
8409920.0 5878.143924356006 53407.549387821186 2.245775923449314e+33
8509920.0 5877.836296812007 53370.55636610916 2.2410125537943427e+33
8609920.0 5877.528669268008 53333.56334439713 2.2362491841393712e+33
8709920.0 5877.221041724009 53296.570322685104 2.2314858144843998e+33
8809920.0 5876.9134141800105 53259.57730097308 2.2267224448294283e+33
8909920.0 5876.6057866360115 53222.58427926105 2.2219590751744572e+33
9009920.0 5876.298159092013 53185.591257549015 2.2171957055194858e+33
9109920.0 5875.990531548015 53148.59823583699 2.2124323358645143e+33
9209920.0 5875.682904004016 53111.60521412496 2.207668966209543e+33
9309920.0 5875.375276460017 53074.61219241293 2.2029055965545714e+33
9409920.0 5875.067648916018 53037.619170700906 2.1981422268996e+33
9509920.0 5874.760021372019 53000.62614898888 2.1933788572446286e+33
9609920.0 5874.45239382802 52963.63312727685 2.188615487589657e+33
9709920.0 5874.144766284021 52926.640105564824 2.1838521179346857e+33
9809920.0 5873.837138740022 52889.64708385279 2.1790887482797142e+33
9909920.0 5873.529511196023 52852.65406214076 2.1743253786247428e+33
10009920.0 5873.221883652025 52815.661040428735 2.1695620089697714e+33
10109920.0 5872.914256108026 52778.66801871671 2.1647986393148e+33
10209920.0 5872.606628564027 52741.67499700468 2.1600352696598285e+33
10309920.0 5872.299001020028 52704.68197529265 2.155271900004857e+33
10409920.0 5871.991373476029 52667.688953580626 2.150508530349886e+33
10509920.0 5871.68374593203 52630.69593186859 2.1457451606949142e+33
10609920.0 5871.3761183880315 52593.702910156564 2.140981791039943e+33
10709920.0 5871.068490844033 52556.70988844454 2.1362184213849716e+33
10809920.0 5870.760863300034 52519.71686673251 2.13145505173e+33
10909920.0 5870.453235756036 52482.72384502048 2.1266916820750287e+33
11009920.0 5870.145608212037 52445.730823308455 2.1219283124200572e+33
11109920.0 5869.837980668038 52408.73780159643 2.1171649427650858e+33
11209920.0 5869.530353124039 52371.74477988439 2.1124015731101144e+33
11309920.0 5869.22272558004 52334.751758172366 2.107638203455143e+33
11409920.0 5868.915098036041 52297.75873646034 2.1028748338001715e+33
11509920.0 5868.607470492042 52260.76571474831 2.0981114641452e+33
11609920.0 5868.299842948043 52223.772693036284 2.0933480944902286e+33
11709920.0 5867.992215404044 52186.77967132426 2.0885847248352572e+33
11809920.0 5867.684587860045 52149.78664961223 2.0838213551802857e+33
11909920.0 5867.376960316047 52112.7936279002 2.0790579855253143e+33
12009920.0 5867.069332772048 52075.80060618817 2.0742946158703429e+33
12109920.0 5866.761705228049 52038.80758447614 2.0695312462153714e+33
12209920.0 5866.45407768405 52001.81456276411 2.0647678765604e+33
12309920.0 5866.1464501400515 51964.821541052086 2.0600045069054288e+33
12409920.0 5865.8388225960525 51927.82851934006 2.0552411372504574e+33
12509920.0 5865.531195052054 51890.83549762803 2.050477767595486e+33
12609920.0 5865.223567508055 51853.842475916004 2.0457143979405145e+33
12709920.0 5864.915939964056 51816.84945420397 2.040951028285543e+33
12809920.0 5864.608312420058 51779.85643249194 2.0361876586305716e+33
12909920.0 5864.300684876059 51742.863410779915 2.0314242889756002e+33
13009920.0 5863.99305733206 51705.87038906789 2.0266609193206287e+33
13109920.0 5863.685429788061 51668.87736735586 2.0218975496656573e+33
13209920.0 5863.377802244062 51631.88434564383 2.017134180010686e+33
13309920.0 5863.070174700063 51594.891323931806 2.0123708103557144e+33
13409920.0 5862.762547156064 51557.89830221978 2.007607440700743e+33
13509920.0 5862.454919612065 51520.905280507744 2.0028440710457715e+33
13609920.0 5862.147292068066 51483.91225879572 1.9980807013908e+33
13709920.0 5861.839664524068 51446.91923708369 1.9933173317358287e+33
13809920.0 5861.532036980069 51409.92621537166 1.9885539620808575e+33
13909920.0 5861.22440943607 51372.933193659635 1.9837905924258858e+33
14009920.0 5860.916781892071 51335.94017194761 1.9790272227709146e+33
14109920.0 5860.6091543480725 51298.94715023558 1.9742638531159432e+33
14209920.0 5860.301526804074 51261.95412852355 1.9695004834609718e+33
14309920.0 5859.993899260075 51224.96110681152 1.9647371138060003e+33
14409920.0 5859.686271716076 51187.96808509949 1.959973744151029e+33
14509920.0 5859.378644172077 51150.975063387465 1.9552103744960574e+33
14609920.0 5859.071016628079 51113.98204167544 1.950447004841086e+33
14709920.0 5858.76338908408 51076.98901996341 1.9456836351861146e+33
14809920.0 5858.455761540081 51039.99599825138 1.940920265531143e+33
14909920.0 5858.148133996082 51003.002976539356 1.9361568958761717e+33
15009920.0 5857.840506452083 50966.00995482732 1.9313935262212002e+33
15109920.0 5857.532878908084 50929.016933115294 1.9266301565662288e+33
15209920.0 5857.225251364085 50892.02391140327 1.9218667869112574e+33
15309920.0 5856.917623820086 50855.03088969124 1.917103417256286e+33
15409920.0 5856.609996276087 50818.03786797921 1.9123400476013145e+33
15509920.0 5856.302368732089 50781.044846267185 1.9075766779463433e+33
15609920.0 5855.99474118809 50744.05182455516 1.9028133082913716e+33
15709920.0 5855.687113644091 50707.05880284312 1.8980499386364005e+33
15809920.0 5855.379486100092 50670.065781131096 1.893286568981429e+33
15909920.0 5855.0718585560935 50633.07275941907 1.8885231993264576e+33
16009920.0 5854.764231012095 50596.07973770704 1.883759829671486e+33
16109920.0 5854.456603468096 50559.086715995014 1.8789964600165147e+33
16209920.0 5854.148975924097 50522.09369428299 1.8742330903615433e+33
16309920.0 5853.841348380098 50485.10067257096 1.8694697207065718e+33
16409920.0 5853.533720836099 50448.107650858925 1.8647063510516004e+33
16509920.0 5853.226093292101 50411.1146291469 1.859942981396629e+33
16609920.0 5852.918465748102 50374.12160743487 1.8551796117416575e+33
16709920.0 5852.610838204103 50337.12858572284 1.850416242086686e+33
16809920.0 5852.303210660104 50300.135564010816 1.8456528724317146e+33
16909920.0 5851.995583116105 50263.14254229879 1.8408895027767432e+33
17009920.0 5851.687955572106 50226.14952058676 1.8361261331217717e+33
17109920.0 5851.380328028107 50189.156498874734 1.8313627634668003e+33
17209920.0 5851.072700484108 50152.1634771627 1.8265993938118291e+33
17309920.0 5850.765072940109 50115.17045545067 1.8218360241568574e+33
17409920.0 5850.457445396111 50078.177433738645 1.8170726545018863e+33
17509920.0 5850.149817852112 50041.18441202662 1.8123092848469145e+33
17609920.0 5849.8421903081135 50004.19139031459 1.8075459151919434e+33
17709920.0 5849.5345627641145 49967.19836860256 1.802782545536972e+33
17809920.0 5849.226935220116 49930.205346890536 1.7980191758820005e+33
17909920.0 5848.919307676117 49893.2123251785 1.793255806227029e+33
18009920.0 5848.611680132118 49856.219303466474 1.7884924365720576e+33
18109920.0 5848.304052588119 49819.22628175445 1.7837290669170862e+33
18209920.0 5847.99642504412 49782.23326004242 1.7789656972621148e+33
18309920.0 5847.688797500122 49745.24023833039 1.7742023276071433e+33
18409920.0 5847.381169956123 49708.247216618365 1.769438957952172e+33
18509920.0 5847.073542412124 49671.25419490634 1.7646755882972004e+33
18609920.0 5846.765914868125 49634.2611731943 1.759912218642229e+33
18709920.0 5846.458287324126 49597.268151482276 1.7551488489872576e+33
18809920.0 5846.150659780127 49560.27512977025 1.750385479332286e+33
18909920.0 5845.843032236128 49523.28210805822 1.745622109677315e+33
19009920.0 5845.535404692129 49486.289086346194 1.7408587400223432e+33
19109920.0 5845.22777714813 49449.29606463417 1.736095370367372e+33
19209920.0 5844.920149604132 49412.30304292214 1.7313320007124006e+33
19309920.0 5844.612522060133 49375.31002121011 1.7265686310574292e+33
19409920.0 5844.3048945161345 49338.316999498085 1.7218052614024578e+33
19509920.0 5843.997266972136 49301.32397778605 1.7170418917474863e+33
19609920.0 5843.689639428137 49264.33095607402 1.712278522092515e+33
19709920.0 5843.382011884138 49227.337934361996 1.7075151524375434e+33
19809920.0 5843.074384340139 49190.34491264997 1.702751782782572e+33
19909920.0 5842.76675679614 49153.35189093794 1.6979884131276006e+33
20009920.0 5842.459129252141 49116.358869225915 1.693225043472629e+33
20109920.0 5842.151501708143 49079.36584751388 1.6884616738176577e+33
20209920.0 5841.843874164144 49042.37282580185 1.6836983041626862e+33
20309920.0 5841.536246620145 49005.379804089825 1.6789349345077148e+33
20409920.0 5841.228619076146 48968.3867823778 1.6741715648527437e+33
20509920.0 5840.920991532147 48931.39376066577 1.669408195197772e+33
20609920.0 5840.613363988148 48894.400738953744 1.6646448255428005e+33
20709920.0 5840.305736444149 48857.40771724172 1.659881455887829e+33
20809920.0 5839.99810890015 48820.41469552969 1.655118086232858e+33
20909920.0 5839.690481356151 48783.42167381766 1.6503547165778865e+33
21009920.0 5839.3828538121525 48746.42865210563 1.645591346922915e+33
21109920.0 5839.075226268154 48709.4356303936 1.6408279772679433e+33
21209920.0 5838.7675987241555 48672.44260868157 1.636064607612972e+33
21309920.0 5838.459971180157 48635.449586969546 1.6313012379580007e+33
21409920.0 5838.152343636158 48598.45656525752 1.6265378683030293e+33
21509920.0 5837.844716092159 48561.46354354549 1.6217744986480578e+33
21609920.0 5837.53708854816 48524.47052183346 1.6170111289930864e+33
21709920.0 5837.229461004161 48487.47750012143 1.612247759338115e+33
21809920.0 5836.921833460162 48450.4844784094 1.6074843896831435e+33
21909920.0 5836.614205916163 48413.491456697375 1.6027210200281724e+33
22009920.0 5836.306578372165 48376.49843498535 1.5979576503732006e+33
22109920.0 5835.998950828166 48339.50541327332 1.5931942807182292e+33
22209920.0 5835.691323284167 48302.51239156129 1.5884309110632577e+33
22309920.0 5835.383695740168 48265.519369849266 1.5836675414082866e+33
22409920.0 5835.076068196169 48228.52634813723 1.578904171753315e+33
22509920.0 5834.76844065217 48191.533326425204 1.5741408020983437e+33
22609920.0 5834.460813108171 48154.54030471318 1.569377432443372e+33
22709920.0 5834.153185564172 48117.54728300115 1.5646140627884008e+33
22809920.0 5833.8455580201735 48080.55426128912 1.559850693133429e+33
22909920.0 5833.5379304761755 48043.561239577095 1.555087323478458e+33
23009920.0 5833.2303029321765 48006.56821786507 1.5503239538234865e+33
23109920.0 5832.922675388178 47969.57519615303 1.545560584168515e+33
23209920.0 5832.615047844179 47932.582174441006 1.5407972145135436e+33
23309920.0 5832.30742030018 47895.58915272898 1.5360338448585722e+33
23409920.0 5831.999792756181 47858.59613101695 1.5312704752036008e+33
23509920.0 5831.692165212182 47821.603109304924 1.5265071055486293e+33
23609920.0 5831.384537668183 47784.6100875929 1.521743735893658e+33
23709920.0 5831.076910124184 47747.61706588087 1.5169803662386864e+33
23809920.0 5830.769282580186 47710.62404416884 1.5122169965837153e+33
23909920.0 5830.461655036187 47673.63102245681 1.5074536269287436e+33
24009920.0 5830.154027492188 47636.63800074478 1.5026902572737724e+33
24109920.0 5829.846399948189 47599.64497903275 1.4979268876188007e+33
24209920.0 5829.53877240419 47562.651957320726 1.4931635179638295e+33
24309920.0 5829.231144860191 47525.6589356087 1.4884001483088578e+33
24409920.0 5828.923517316192 47488.66591389667 1.4836367786538866e+33
24509920.0 5828.615889772193 47451.672892184644 1.4788734089989152e+33
24609920.0 5828.3082622281945 47414.67987047261 1.4741100393439438e+33
24709920.0 5828.0006346841965 47377.68684876058 1.4693466696889723e+33
24809920.0 5827.693007140198 47340.693827048555 1.464583300034001e+33
24909920.0 5827.385379596199 47303.70080533653 1.4598199303790297e+33
25009920.0 5827.0777520522 47266.7077836245 1.455056560724058e+33
25109920.0 5826.770124508201 47229.71476191247 1.4502931910690866e+33
25209920.0 5826.462496964202 47192.721740200446 1.445529821414115e+33
25309920.0 5826.154869420203 47155.72871848842 1.4407664517591437e+33
25409920.0 5825.847241876204 47118.73569677639 1.4360030821041723e+33
25509920.0 5825.539614332205 47081.74267506436 1.431239712449201e+33
25609920.0 5825.231986788206 47044.74965335233 1.4264763427942294e+33
25709920.0 5824.924359244208 47007.7566316403 1.4217129731392582e+33
25809920.0 5824.616731700209 46970.763609928275 1.4169496034842865e+33
25909920.0 5824.30910415621 46933.77058821625 1.4121862338293153e+33
26009920.0 5824.001476612211 46896.77756650422 1.4074228641743436e+33
26109920.0 5823.693849068212 46859.784544792186 1.4026594945193725e+33
26209920.0 5823.386221524213 46822.79152308016 1.397896124864401e+33
26309920.0 5823.0785939802145 46785.79850136813 1.3931327552094296e+33
26409920.0 5822.7709664362155 46748.805479656105 1.3883693855544581e+33
26509920.0 5822.463338892217 46711.81245794408 1.3836060158994867e+33
26609920.0 5822.155711348219 46674.81943623205 1.3788426462445153e+33
26709920.0 5821.84808380422 46637.82641452002 1.3740792765895438e+33
26809920.0 5821.540456260221 46600.833392807996 1.3693159069345724e+33
26909920.0 5821.232828716222 46563.84037109596 1.364552537279601e+33
27009920.0 5820.925201172223 46526.847349383934 1.3597891676246295e+33
27109920.0 5820.617573628224 46489.85432767191 1.355025797969658e+33
27209920.0 5820.309946084225 46452.86130595988 1.350262428314687e+33
27309920.0 5820.002318540226 46415.86828424785 1.3454990586597152e+33
27409920.0 5819.694690996227 46378.875262535825 1.340735689004744e+33
27509920.0 5819.387063452229 46341.88224082379 1.3359723193497723e+33
27609920.0 5819.07943590823 46304.88921911176 1.3312089496948012e+33
27709920.0 5818.771808364231 46267.896197399736 1.3264455800398294e+33
27809920.0 5818.464180820232 46230.90317568771 1.3216822103848583e+33
27909920.0 5818.156553276233 46193.91015397568 1.3169188407298868e+33
28009920.0 5817.848925732234 46156.917132263654 1.3121554710749154e+33
28109920.0 5817.5412981882355 46119.92411055163 1.3073921014199437e+33
28209920.0 5817.233670644237 46082.9310888396 1.3026287317649725e+33
28309920.0 5816.926043100238 46045.938067127565 1.2978653621100011e+33
28409920.0 5816.61841555624 46008.94504541554 1.2931019924550298e+33
28509920.0 5816.310788012241 45971.95202370351 1.2883386228000582e+33
28609920.0 5816.003160468242 45934.95900199148 1.2835752531450868e+33
28709920.0 5815.695532924243 45897.965980279456 1.2788118834901155e+33
28809920.0 5815.387905380244 45860.97295856743 1.2740485138351439e+33
28909920.0 5815.080277836245 45823.9799368554 1.2692851441801726e+33
29009920.0 5814.772650292246 45786.98691514337 1.2645217745252011e+33
29109920.0 5814.465022748247 45749.99389343134 1.2597584048702299e+33
29209920.0 5814.157395204248 45713.00087171931 1.2549950352152583e+33
29309920.0 5813.849767660249 45676.007850007285 1.2502316655602868e+33
29409920.0 5813.542140116251 45639.01482829526 1.2454682959053155e+33
29509920.0 5813.234512572252 45602.02180658323 1.240704926250344e+33
29609920.0 5812.926885028253 45565.0287848712 1.2359415565953727e+33
29709920.0 5812.619257484254 45528.035763159176 1.2311781869404012e+33
29809920.0 5812.311629940255 45491.04274144715 1.2264148172854296e+33
29909920.0 5812.0040023962565 45454.049719735114 1.2216514476304583e+33
30009920.0 5811.696374852258 45417.05669802309 1.2168880779754869e+33
30109920.0 5811.388747308259 45380.06367631106 1.2121247083205156e+33
30209920.0 5811.08111976426 45343.07065459903 1.207361338665544e+33
30309920.0 5810.773492220262 45306.077632887005 1.2025979690105726e+33
30409920.0 5810.465864676263 45269.08461117498 1.1978345993556013e+33
30509920.0 5810.158237132264 45232.09158946294 1.1930712297006297e+33
30609920.0 5809.850609588265 45195.098567750916 1.1883078600456584e+33
30709920.0 5809.542982044266 45158.10554603889 1.183544490390687e+33
30809920.0 5809.235354500267 45121.11252432686 1.1787811207357155e+33
30909920.0 5808.927726956268 45084.119502614834 1.1740177510807441e+33
31009920.0 5808.620099412269 45047.12648090281 1.1692543814257726e+33
31109920.0 5808.31247186827 45010.13345919078 1.1644910117708013e+33
31209920.0 5808.004844324272 44973.14043747875 1.1597276421158298e+33
31309920.0 5807.697216780273 44936.14741576672 1.1549642724608583e+33
31409920.0 5807.389589236274 44899.15439405469 1.150200902805887e+33
31509920.0 5807.081961692275 44862.16137234266 1.1454375331509156e+33
31609920.0 5806.7743341482765 44825.168350630636 1.1406741634959442e+33
31709920.0 5806.4667066042775 44788.17532891861 1.1359107938409727e+33
31809920.0 5806.159079060279 44751.18230720658 1.1311474241860013e+33
31909920.0 5805.85145151628 44714.189285494554 1.1263840545310298e+33
32009920.0 5805.543823972281 44677.19626378252 1.1216206848760584e+33
32109920.0 5805.236196428283 44640.20324207049 1.1168573152210871e+33
32209920.0 5804.928568884284 44603.210220358465 1.1120939455661157e+33
32309920.0 5804.620941340285 44566.21719864644 1.1073305759111441e+33
32409920.0 5804.313313796286 44529.22417693441 1.1025672062561728e+33
32509920.0 5804.005686252287 44492.231155222384 1.0978038366012013e+33
32609920.0 5803.698058708288 44455.23813351036 1.09304046694623e+33
32709920.0 5803.390431164289 44418.24511179833 1.0882770972912585e+33
32809920.0 5803.08280362029 44381.252090086295 1.083513727636287e+33
32909920.0 5802.775176076291 44344.25906837427 1.0787503579813157e+33
33009920.0 5802.467548532293 44307.26604666224 1.0739869883263441e+33
33109920.0 5802.159920988294 44270.27302495021 1.0692236186713728e+33
33209920.0 5801.852293444295 44233.280003238186 1.0644602490164014e+33
33309920.0 5801.544665900296 44196.28698152616 1.0596968793614298e+33
33409920.0 5801.2370383562975 44159.293959814124 1.0549335097064585e+33
33509920.0 5800.929410812299 44122.3009381021 1.0501701400514871e+33
33609920.0 5800.6217832683 44085.30791639007 1.0454067703965158e+33
33709920.0 5800.314155724301 44048.31489467804 1.0406434007415442e+33
33809920.0 5800.006528180302 44011.321872966015 1.0358800310865728e+33
33909920.0 5799.698900636304 43974.32885125399 1.0311166614316015e+33
34009920.0 5799.391273092305 43937.33582954196 1.0263532917766299e+33
34109920.0 5799.083645548306 43900.34280782993 1.0215899221216586e+33
34209920.0 5798.776018004307 43863.349786117906 1.0168265524666872e+33
34309920.0 5798.468390460308 43826.35676440588 1.0120631828117159e+33
34409920.0 5798.160762916309 43789.363742693844 1.0072998131567443e+33
34509920.0 5797.85313537231 43752.37072098182 1.0025364435017728e+33
34609920.0 5797.545507828311 43715.37769926979 9.977730738468015e+32
34709920.0 5797.237880284312 43678.38467755776 9.9300970419183e+32
34809920.0 5796.930252740314 43641.391655845735 9.882463345368587e+32
34909920.0 5796.622625196315 43604.3986341337 9.834829648818872e+32
35009920.0 5796.314997652316 43567.40561242167 9.787195952269158e+32
35109920.0 5796.007370108317 43530.412590709646 9.739562255719443e+32
35209920.0 5795.6997425643185 43493.41956899762 9.691928559169729e+32
35309920.0 5795.39211502032 43456.42654728559 9.644294862620015e+32
35409920.0 5795.084487476321 43419.433525573564 9.5966611660703e+32
35509920.0 5794.776859932322 43382.44050386154 9.549027469520586e+32
35609920.0 5794.469232388323 43345.44748214951 9.501393772970871e+32
35709920.0 5794.161604844324 43308.45446043748 9.453760076421157e+32
35809920.0 5793.853977300326 43271.461438725455 9.406126379871446e+32
35909920.0 5793.546349756327 43234.46841701342 9.358492683321731e+32
36009920.0 5793.238722212328 43197.47539530139 9.310858986772014e+32
36109920.0 5792.931094668329 43160.482373589366 9.263225290222302e+32
36209920.0 5792.62346712433 43123.48935187734 9.215591593672588e+32
36309920.0 5792.315839580331 43086.49633016531 9.167957897122874e+32
36409920.0 5792.008212036332 43049.50330845328 9.120324200573159e+32
36509920.0 5791.700584492333 43012.51028674125 9.072690504023445e+32
36609920.0 5791.392956948334 42975.51726502922 9.02505680747373e+32
36709920.0 5791.085329404336 42938.524243317195 8.977423110924016e+32
36809920.0 5790.777701860337 42901.53122160517 8.929789414374302e+32
36909920.0 5790.4700743163385 42864.53819989314 8.882155717824587e+32
37009920.0 5790.1624467723395 42827.54517818111 8.834522021274873e+32
37109920.0 5789.854819228341 42790.552156469086 8.786888324725158e+32
37209920.0 5789.547191684342 42753.55913475706 8.739254628175444e+32
37309920.0 5789.239564140343 42716.56611304503 8.691620931625732e+32
37409920.0 5788.931936596344 42679.573091333 8.643987235076015e+32
37509920.0 5788.624309052345 42642.58006962097 8.596353538526301e+32
37609920.0 5788.316681508347 42605.58704790894 8.548719841976589e+32
37709920.0 5788.009053964348 42568.594026196915 8.501086145426872e+32
37809920.0 5787.701426420349 42531.60100448489 8.45345244887716e+32
37909920.0 5787.39379887635 42494.60798277285 8.405818752327446e+32
38009920.0 5787.086171332351 42457.614961060826 8.358185055777729e+32
38109920.0 5786.778543788352 42420.6219393488 8.310551359228017e+32
38209920.0 5786.470916244353 42383.62891763677 8.262917662678303e+32
38309920.0 5786.163288700354 42346.635895924745 8.215283966128588e+32
38409920.0 5785.961250389389 42324.18079587357 8.18836503835928e+32
38509920.0 5785.878663836507 42318.17226192977 8.18488046538247e+32
38609920.0 5785.796077283627 42312.16372798597 8.18139589240566e+32
38709920.0 5785.713490730746 42306.15519404218 8.177911319428849e+32
38809920.0 5785.630904177865 42300.14666009838 8.174426746452039e+32
38909920.0 5785.5483176249845 42294.13812615458 8.170942173475228e+32
39009920.0 5785.465731072104 42288.12959221078 8.167457600498418e+32
39109920.0 5785.383144519223 42282.12105826699 8.163973027521606e+32
39209920.0 5785.300557966342 42276.11252432319 8.160488454544795e+32
39309920.0 5785.217971413462 42270.10399037939 8.157003881567985e+32
39409920.0 5785.13538486058 42264.09545643559 8.153519308591174e+32
39509920.0 5785.0527983077 42258.0869224918 8.150034735614364e+32
39609920.0 5784.9702117548195 42252.078388548 8.146550162637554e+32
39709920.0 5784.887625201939 42246.0698546042 8.143065589660743e+32
39809920.0 5784.805038649058 42240.0613206604 8.139581016683933e+32
39909920.0 5784.722452096177 42234.0527867166 8.136096443707122e+32
40009920.0 5784.639865543297 42228.04425277281 8.132611870730312e+32
40109920.0 5784.557278990415 42222.03571882901 8.129127297753501e+32
40209920.0 5784.474692437535 42216.02718488521 8.125642724776691e+32
40309920.0 5784.3921058846545 42210.01865094141 8.12215815179988e+32
40409920.0 5784.309519331773 42204.01011699762 8.11867357882307e+32
40509920.0 5784.226932778893 42198.00158305382 8.115189005846258e+32
40609920.0 5784.144346226012 42191.993049110024 8.111704432869447e+32
40709920.0 5784.061759673131 42185.98451516622 8.108219859892637e+32
40809920.0 5783.97917312025 42179.97598122243 8.104735286915826e+32
40909920.0 5783.89658656737 42173.96744727863 8.101250713939016e+32
41009920.0 5783.814000014489 42167.95891333483 8.097766140962206e+32
41109920.0 5783.731413461608 42161.95037939103 8.094281567985395e+32
41209920.0 5783.648826908728 42155.94184544723 8.090796995008585e+32
41309920.0 5783.566240355846 42149.93331150344 8.087312422031774e+32
41409920.0 5783.483653802966 42143.92477755964 8.083827849054964e+32
41509920.0 5783.401067250085 42137.916243615844 8.080343276078153e+32
41609920.0 5783.318480697204 42131.90770967204 8.076858703101343e+32
41709920.0 5783.2358941443235 42125.89917572825 8.073374130124532e+32
41809920.0 5783.153307591443 42119.89064178445 8.069889557147722e+32
41909920.0 5783.070721038562 42113.882107840654 8.06640498417091e+32
42009920.0 5782.988134485681 42107.87357389685 8.0629204111941e+32
42109920.0 5782.905547932801 42101.86503995305 8.059435838217289e+32
42209920.0 5782.822961379919 42095.85650600926 8.055951265240479e+32
42309920.0 5782.740374827039 42089.84797206546 8.052466692263668e+32
42409920.0 5782.6577882741585 42083.839438121664 8.048982119286858e+32
42509920.0 5782.575201721278 42077.83090417786 8.045497546310047e+32
42609920.0 5782.492615168397 42071.82237023407 8.042012973333237e+32
42709920.0 5782.410028615516 42065.81383629027 8.038528400356426e+32
42809920.0 5782.327442062636 42059.805302346474 8.035043827379616e+32
42909920.0 5782.244855509754 42053.79676840267 8.031559254402805e+32
43009920.0 5782.162268956874 42047.78823445888 8.028074681425995e+32
43109920.0 5782.0796824039935 42041.77970051508 8.024590108449184e+32
43209920.0 5781.997095851112 42035.771166571285 8.021105535472374e+32
43309920.0 5781.914509298232 42029.762632627484 8.017620962495562e+32
43409920.0 5781.831922745351 42023.75409868368 8.014136389518752e+32
43509920.0 5781.74933619247 42017.74556473989 8.010651816541941e+32
43609920.0 5781.666749639589 42011.73703079609 8.00716724356513e+32
43709920.0 5781.584163086709 42005.728496852294 8.00368267058832e+32
43809920.0 5781.501576533828 41999.71996290849 8.00019809761151e+32
43909920.0 5781.418989980947 41993.7114289647 7.996713524634699e+32
44009920.0 5781.336403428067 41987.7028950209 7.993228951657889e+32
44109920.0 5781.253816875185 41981.694361077105 7.989744378681078e+32
44209920.0 5781.171230322305 41975.685827133304 7.986259805704268e+32
44309920.0 5781.088643769424 41969.67729318951 7.982775232727457e+32
44409920.0 5781.006057216543 41963.66875924571 7.979290659750647e+32
44509920.0 5780.923470663663 41957.66022530191 7.975806086773836e+32
44609920.0 5780.840884110782 41951.651691358114 7.972321513797026e+32
44709920.0 5780.758297557901 41945.64315741431 7.968836940820215e+32
44809920.0 5780.67571100502 41939.63462347052 7.965352367843404e+32
44909920.0 5780.59312445214 41933.62608952672 7.961867794866593e+32
45009920.0 5780.510537899258 41927.617555582925 7.958383221889783e+32
45109920.0 5780.427951346378 41921.609021639124 7.954898648912972e+32
45209920.0 5780.3453647934975 41915.60048769533 7.951414075936162e+32
45309920.0 5780.262778240617 41909.59195375153 7.947929502959351e+32
45409920.0 5780.180191687736 41903.583419807735 7.944444929982541e+32
45509920.0 5780.097605134855 41897.574885863934 7.94096035700573e+32
45609920.0 5780.015018581975 41891.56635192014 7.93747578402892e+32
45709920.0 5779.932432029093 41885.55781797634 7.93399121105211e+32
45809920.0 5779.849845476213 41879.54928403254 7.930506638075299e+32
45909920.0 5779.7672589233325 41873.540750088745 7.927022065098488e+32
46009920.0 5779.684672370451 41867.532216144944 7.923537492121678e+32
46109920.0 5779.602085817571 41861.52368220115 7.920052919144868e+32
46209920.0 5779.51949926469 41855.51514825735 7.916568346168057e+32
46309920.0 5779.436912711809 41849.506614313555 7.913083773191245e+32
46409920.0 5779.354326158928 41843.498080369754 7.909599200214435e+32
46509920.0 5779.271739606048 41837.48954642596 7.906114627237624e+32
46609920.0 5779.189153053167 41831.48101248216 7.902630054260814e+32
46709920.0 5779.106566500286 41825.472478538366 7.899145481284003e+32
46809920.0 5779.023979947406 41819.463944594565 7.895660908307193e+32
46909920.0 5778.941393394524 41813.455410650764 7.892176335330382e+32
47009920.0 5778.858806841644 41807.44687670697 7.888691762353572e+32
47109920.0 5778.776220288763 41801.43834276317 7.885207189376761e+32
47209920.0 5778.693633735882 41795.429808819375 7.881722616399951e+32
47309920.0 5778.611047183002 41789.421274875574 7.87823804342314e+32
47409920.0 5778.528460630121 41783.41274093178 7.87475347044633e+32
47509920.0 5778.44587407724 41777.40420698798 7.87126889746952e+32
47609920.0 5778.363287524359 41771.395673044186 7.867784324492709e+32
47709920.0 5778.280700971479 41765.387139100385 7.864299751515897e+32
47809920.0 5778.1981144185975 41759.37860515659 7.860815178539087e+32
47909920.0 5778.115527865717 41753.37007121279 7.857330605562276e+32
48009920.0 5778.032941312837 41747.361537269 7.853846032585466e+32
48109920.0 5777.950354759956 41741.353003325195 7.850361459608655e+32
48209920.0 5777.867768207075 41735.344469381394 7.846876886631845e+32
48309920.0 5777.785181654194 41729.3359354376 7.843392313655034e+32
48409920.0 5777.702595101314 41723.3274014938 7.839907740678224e+32
48509920.0 5777.620008548432 41717.318867550006 7.836423167701413e+32
48609920.0 5777.537421995552 41711.310333606205 7.832938594724603e+32
48709920.0 5777.4548354426715 41705.30179966241 7.829454021747793e+32
48809920.0 5777.37224888979 41699.29326571861 7.825969448770982e+32
48909920.0 5777.28966233691 41693.28473177482 7.822484875794172e+32
49009920.0 5777.207075784029 41687.276197831015 7.819000302817361e+32
49109920.0 5777.124489231148 41681.26766388722 7.815515729840549e+32
49209920.0 5777.041902678267 41675.25912994342 7.812031156863739e+32
49309920.0 5776.959316125387 41669.25059599962 7.808546583886928e+32
49409920.0 5776.876729572506 41663.242062055826 7.805062010910118e+32
49509920.0 5776.794143019625 41657.233528112025 7.801577437933307e+32
49609920.0 5776.711556466745 41651.22499416823 7.798092864956497e+32
49709920.0 5776.628969913863 41645.21646022443 7.794608291979686e+32
49809920.0 5776.546383360983 41639.20792628064 7.791123719002876e+32
49909920.0 5776.463796808102 41633.199392336835 7.787639146026066e+32
50009920.0 5776.381210255221 41627.19085839304 7.784154573049255e+32
50109920.0 5776.298623702341 41621.18232444924 7.780670000072445e+32
50209920.0 5776.21603714946 41615.17379050545 7.777185427095634e+32
50309920.0 5776.133450596579 41609.165256561646 7.773700854118824e+32
50409920.0 5776.050864043698 41603.15672261785 7.770216281142013e+32
50509920.0 5775.968277490818 41597.14818867405 7.766731708165203e+32
50609920.0 5775.8856909379365 41591.13965473025 7.763247135188391e+32
50709920.0 5775.803104385056 41585.13112078646 7.75976256221158e+32
50809920.0 5775.720517832176 41579.122586842655 7.75627798923477e+32
50909920.0 5775.637931279295 41573.11405289886 7.75279341625796e+32
51009920.0 5775.555344726414 41567.10551895506 7.749308843281149e+32
51109920.0 5775.472758173533 41561.09698501127 7.745824270304339e+32
51209920.0 5775.390171620653 41555.088451067466 7.742339697327528e+32
51309920.0 5775.3075850677715 41549.07991712367 7.738855124350718e+32
51409920.0 5775.224998514891 41543.07138317987 7.735370551373907e+32
51509920.0 5775.142411962011 41537.06284923608 7.731885978397097e+32
51609920.0 5775.059825409129 41531.05431529228 7.728401405420286e+32
51709920.0 5774.977238856249 41525.045781348475 7.724916832443476e+32
51809920.0 5774.894652303368 41519.03724740468 7.721432259466665e+32
51909920.0 5774.812065750487 41513.02871346088 7.717947686489855e+32
52009920.0 5774.729479197606 41507.02017951709 7.714463113513043e+32
52109920.0 5774.646892644726 41501.011645573286 7.710978540536232e+32
52209920.0 5774.564306091845 41495.00311162949 7.707493967559422e+32
52309920.0 5774.481719538964 41488.99457768569 7.704009394582611e+32
52409920.0 5774.399132986084 41482.9860437419 7.700524821605801e+32
52509920.0 5774.316546433202 41476.9775097981 7.69704024862899e+32
52609920.0 5774.233959880322 41470.9689758543 7.69355567565218e+32
52709920.0 5774.151373327441 41464.9604419105 7.69007110267537e+32
52809920.0 5774.06878677456 41458.95190796671 7.686586529698559e+32
52909920.0 5773.98620022168 41452.94337402291 7.683101956721749e+32
53009920.0 5773.903613668799 41446.934840079106 7.679617383744938e+32
53109920.0 5773.821027115918 41440.92630613531 7.676132810768128e+32
53209920.0 5773.738440563037 41434.91777219151 7.672648237791317e+32
53309920.0 5773.655854010157 41428.90923824772 7.669163664814507e+32
53409920.0 5773.5732674572755 41422.90070430392 7.665679091837695e+32
53509920.0 5773.490680904395 41416.89217036012 7.662194518860884e+32
53609920.0 5773.408094351515 41410.88363641632 7.658709945884074e+32
53709920.0 5773.325507798634 41404.87510247253 7.655225372907264e+32
53809920.0 5773.242921245753 41398.86656852873 7.651740799930453e+32
53909920.0 5773.160334692872 41392.85803458493 7.648256226953643e+32
54009920.0 5773.077748139992 41386.84950064113 7.644771653976832e+32
54109920.0 5772.9951615871105 41380.84096669733 7.641287081000022e+32
54209920.0 5772.91257503423 41374.83243275354 7.637802508023211e+32
54309920.0 5772.82998848135 41368.82389880974 7.634317935046401e+32
54409920.0 5772.747401928468 41362.81536486594 7.63083336206959e+32
54509920.0 5772.664815375588 41356.80683092214 7.62734878909278e+32
54609920.0 5772.582228822707 41350.79829697835 7.62386421611597e+32
54709920.0 5772.499642269826 41344.78976303455 7.620379643139159e+32
54809920.0 5772.4170557169455 41338.78122909075 7.616895070162348e+32
54909920.0 5772.334469164065 41332.77269514695 7.613410497185537e+32
55009920.0 5772.251882611184 41326.76416120316 7.609925924208726e+32
55109920.0 5772.169296058303 41320.75562725936 7.606441351231916e+32
55209920.0 5772.086709505423 41314.747093315564 7.602956778255105e+32
55309920.0 5772.004122952541 41308.73855937176 7.599472205278295e+32
55409920.0 5771.921536399661 41302.73002542796 7.595987632301484e+32
55509920.0 5771.83894984678 41296.72149148417 7.592503059324674e+32
55609920.0 5771.756363293899 41290.71295754037 7.589018486347863e+32
55709920.0 5771.673776741019 41284.70442359657 7.585533913371053e+32
55809920.0 5771.591190188138 41278.69588965277 7.582049340394242e+32
55909920.0 5771.508603635257 41272.68735570898 7.578564767417432e+32
56009920.0 5771.426017082376 41266.67882176518 7.575080194440621e+32
56109920.0 5771.343430529496 41260.670287821384 7.571595621463811e+32
56209920.0 5771.2608439766145 41254.66175387758 7.568111048487e+32
56309920.0 5771.178257423734 41248.65321993379 7.56462647551019e+32
56409920.0 5771.095670870854 41242.64468598999 7.561141902533378e+32
56509920.0 5771.013084317973 41236.63615204619 7.557657329556568e+32
56609920.0 5770.930497765092 41230.62761810239 7.554172756579757e+32
56709920.0 5770.847911212211 41224.61908415859 7.550688183602947e+32
56809920.0 5770.765324659331 41218.6105502148 7.547203610626136e+32
56909920.0 5770.6827381064495 41212.602016271 7.543719037649326e+32
57009920.0 5770.600151553569 41206.593482327204 7.540234464672515e+32
57109920.0 5770.517565000689 41200.5849483834 7.536749891695705e+32
57209920.0 5770.434978447807 41194.57641443961 7.533265318718894e+32
57309920.0 5770.352391894927 41188.56788049581 7.529780745742084e+32
57409920.0 5770.269805342046 41182.559346552014 7.526296172765273e+32
57509920.0 5770.187218789165 41176.55081260821 7.522811599788463e+32
57609920.0 5770.1046322362845 41170.54227866442 7.519327026811653e+32
57709920.0 5770.022045683404 41164.53374472062 7.51584245383484e+32
57809920.0 5769.939459130523 41158.52521077682 7.51235788085803e+32
57909920.0 5769.856872577642 41152.516676833024 7.50887330788122e+32
58009920.0 5769.774286024762 41146.50814288922 7.505388734904409e+32
58109920.0 5769.69169947188 41140.49960894543 7.501904161927599e+32
58209920.0 5769.609112919 41134.49107500163 7.498419588950788e+32
58309920.0 5769.5265263661195 41128.482541057834 7.494935015973978e+32
58409920.0 5769.443939813238 41122.47400711403 7.491450442997167e+32
58509920.0 5769.361353260358 41116.46547317024 7.487965870020357e+32
58609920.0 5769.278766707477 41110.45693922644 7.484481297043546e+32
58709920.0 5769.196180154596 41104.448405282645 7.480996724066736e+32
58809920.0 5769.113593601715 41098.439871338844 7.477512151089925e+32
58909920.0 5769.031007048835 41092.43133739504 7.474027578113115e+32
59009920.0 5768.9484204959535 41086.42280345125 7.470543005136305e+32
59109920.0 5768.865833943073 41080.41426950745 7.467058432159494e+32
59209920.0 5768.783247390193 41074.405735563654 7.463573859182682e+32
59309920.0 5768.700660837312 41068.39720161985 7.460089286205872e+32
59409920.0 5768.618074284431 41062.38866767606 7.456604713229061e+32
59509920.0 5768.53548773155 41056.38013373226 7.453120140252251e+32
59609920.0 5768.45290117867 41050.371599788465 7.44963556727544e+32
59709920.0 5768.3703146257885 41044.363065844664 7.44615099429863e+32
59809920.0 5768.287728072908 41038.35453190087 7.44266642132182e+32
59909920.0 5768.205141520028 41032.34599795707 7.439181848345009e+32
60009920.0 5768.122554967146 41026.337464013275 7.435697275368198e+32
60109920.0 5768.039968414266 41020.328930069474 7.432212702391388e+32
60209920.0 5767.957381861385 41014.32039612567 7.428728129414578e+32
60309920.0 5767.874795308504 41008.31186218188 7.425243556437767e+32
60409920.0 5767.7922087556235 41002.30332823808 7.421758983460957e+32
60509920.0 5767.709622202743 40996.294794294285 7.418274410484145e+32
60609920.0 5767.627035649862 40990.286260350484 7.414789837507334e+32
60709920.0 5767.544449096981 40984.27772640669 7.411305264530524e+32
60809920.0 5767.461862544101 40978.26919246289 7.407820691553713e+32
60909920.0 5767.379275991219 40972.260658519095 7.404336118576903e+32
61009920.0 5767.296689438339 40966.252124575294 7.400851545600092e+32
61109920.0 5767.2141028854585 40960.2435906315 7.397366972623282e+32
61209920.0 5767.131516332577 40954.2350566877 7.393882399646471e+32
61309920.0 5767.048929779697 40948.226522743906 7.390397826669661e+32
61409920.0 5766.966343226816 40942.217988800105 7.38691325369285e+32
61509920.0 5766.883756673935 40936.2094548563 7.38342868071604e+32
61609920.0 5766.801170121054 40930.20092091251 7.37994410773923e+32
61709920.0 5766.718583568174 40924.19238696871 7.376459534762419e+32
61809920.0 5766.635997015293 40918.183853024915 7.372974961785609e+32
61909920.0 5766.553410462412 40912.175319081114 7.369490388808798e+32
62009920.0 5766.470823909532 40906.16678513732 7.366005815831986e+32
62109920.0 5766.388237356651 40900.15825119352 7.362521242855176e+32
62209920.0 5766.30565080377 40894.149717249726 7.359036669878365e+32
62309920.0 5766.223064250889 40888.141183305925 7.355552096901555e+32
62409920.0 5766.140477698009 40882.13264936213 7.352067523924744e+32
62509920.0 5766.0578911451275 40876.12411541833 7.348582950947934e+32
62609920.0 5765.975304592247 40870.11558147453 7.345098377971123e+32
62709920.0 5765.892718039367 40864.107047530735 7.341613804994313e+32
62809920.0 5765.810131486485 40858.098513586934 7.338129232017503e+32
62909920.0 5765.727544933605 40852.08997964314 7.334644659040692e+32
63009920.0 5765.644958380724 40846.08144569934 7.331160086063882e+32
63109920.0 5765.562371827843 40840.072911755546 7.327675513087071e+32
63209920.0 5765.4797852749625 40834.064377811745 7.32419094011026e+32
63309920.0 5765.397198722082 40828.05584386795 7.32070636713345e+32
63409920.0 5765.314612169201 40822.04730992415 7.31722179415664e+32
63509920.0 5765.23202561632 40816.038775980356 7.313737221179828e+32
63609920.0 5765.14943906344 40810.030242036555 7.310252648203017e+32
63709920.0 5765.066852510558 40804.021708092754 7.306768075226207e+32
63809920.0 5764.984265957678 40798.01317414896 7.303283502249396e+32
63909920.0 5764.9016794047975 40792.00464020516 7.299798929272586e+32
64009920.0 5764.819092851916 40785.996106261366 7.296314356295776e+32
64109920.0 5764.736506299036 40779.987572317565 7.292829783318965e+32
64209920.0 5764.653919746155 40773.97903837377 7.289345210342155e+32
64309920.0 5764.571333193274 40767.97050442997 7.285860637365344e+32
64409920.0 5764.488746640393 40761.961970486176 7.282376064388534e+32
64509920.0 5764.406160087513 40755.953436542375 7.278891491411723e+32
64609920.0 5764.323573534632 40749.94490259858 7.275406918434913e+32
64709920.0 5764.240986981751 40743.93636865478 7.271922345458102e+32
64809920.0 5764.158400428871 40737.92783471099 7.268437772481292e+32
64909920.0 5764.07581387599 40731.919300767186 7.26495319950448e+32
65009920.0 5763.993227323109 40725.910766823385 7.26146862652767e+32
65109920.0 5763.910640770228 40719.90223287959 7.257984053550859e+32
65209920.0 5763.828054217348 40713.89369893579 7.254499480574049e+32
65309920.0 5763.745467664467 40707.885164991996 7.251014907597238e+32
65409920.0 5763.662881111586 40701.876631048195 7.247530334620428e+32
65509920.0 5763.580294558706 40695.8680971044 7.244045761643617e+32
65609920.0 5763.497708005824 40689.8595631606 7.240561188666807e+32
65709920.0 5763.415121452944 40683.85102921681 7.237076615689996e+32
65809920.0 5763.332534900063 40677.842495273006 7.233592042713186e+32
65909920.0 5763.249948347182 40671.83396132921 7.230107469736375e+32
66009920.0 5763.1673617943015 40665.82542738541 7.226622896759565e+32
66109920.0 5763.084775241421 40659.81689344162 7.223138323782754e+32
66209920.0 5763.00218868854 40653.808359497816 7.219653750805944e+32
66309920.0 5762.919602135659 40647.799825554015 7.216169177829132e+32
66409920.0 5762.837015582779 40641.79129161022 7.212684604852323e+32
66509920.0 5762.754429029897 40635.78275766642 7.209200031875511e+32
66609920.0 5762.671842477017 40629.77422372263 7.2057154588987e+32
66709920.0 5762.5892559241365 40623.765689778826 7.20223088592189e+32
66809920.0 5762.506669371255 40617.75715583503 7.19874631294508e+32
66909920.0 5762.424082818375 40611.74862189123 7.195261739968269e+32
67009920.0 5762.341496265494 40605.74008794744 7.191777166991459e+32
67109920.0 5762.258909712613 40599.731554003636 7.188292594014648e+32
67209920.0 5762.176323159732 40593.72302005984 7.184808021037838e+32
67309920.0 5762.093736606852 40587.71448611604 7.181323448061027e+32
67409920.0 5762.011150053971 40581.70595217224 7.177838875084217e+32
67509920.0 5761.92856350109 40575.69741822845 7.174354302107406e+32
67609920.0 5761.84597694821 40569.688884284646 7.170869729130596e+32
67709920.0 5761.763390395329 40563.68035034085 7.167385156153785e+32
67809920.0 5761.680803842448 40557.67181639705 7.163900583176974e+32
67909920.0 5761.598217289567 40551.66328245326 7.160416010200163e+32
68009920.0 5761.515630736687 40545.654748509456 7.156931437223353e+32
68109920.0 5761.433044183806 40539.64621456566 7.153446864246542e+32
68209920.0 5761.350457630925 40533.63768062186 7.149962291269732e+32
68309920.0 5761.267871078045 40527.62914667807 7.146477718292921e+32
68409920.0 5761.185284525163 40521.62061273427 7.142993145316111e+32
68509920.0 5761.102697972283 40515.612078790466 7.1395085723393e+32
68609920.0 5761.020111419402 40509.60354484667 7.13602399936249e+32
68709920.0 5760.937524866521 40503.59501090287 7.13253942638568e+32
68809920.0 5760.854938313641 40497.58647695908 7.129054853408869e+32
68909920.0 5760.77235176076 40491.577943015276 7.125570280432058e+32
69009920.0 5760.689765207879 40485.56940907148 7.122085707455248e+32
69109920.0 5760.607178654998 40479.56087512768 7.118601134478436e+32
69209920.0 5760.524592102118 40473.55234118389 7.115116561501627e+32
69309920.0 5760.4420055492365 40467.54380724009 7.111631988524815e+32
69409920.0 5760.359418996356 40461.53527329629 7.108147415548005e+32
69509920.0 5760.2768324434755 40455.52673935249 7.104662842571194e+32
69609920.0 5760.194245890594 40449.5182054087 7.101178269594384e+32
69709920.0 5760.111659337714 40443.5096714649 7.097693696617573e+32
69809920.0 5760.029072784833 40437.501137521096 7.094209123640763e+32
69909920.0 5759.946486231952 40431.4926035773 7.090724550663952e+32
70009920.0 5759.863899679071 40425.4840696335 7.087239977687142e+32
70109920.0 5759.781313126191 40419.47553568971 7.083755404710331e+32
70209920.0 5759.69872657331 40413.46700174591 7.080270831733521e+32
70309920.0 5759.616140020429 40407.45846780211 7.07678625875671e+32
70409920.0 5759.533553467549 40401.44993385831 7.0733016857799e+32
70509920.0 5759.450966914668 40395.44139991452 7.06981711280309e+32
70609920.0 5759.368380361787 40389.43286597072 7.066332539826278e+32
70709920.0 5759.285793808906 40383.42433202692 7.062847966849467e+32
70809920.0 5759.203207256026 40377.41579808312 7.059363393872657e+32
70909920.0 5759.120620703145 40371.40726413933 7.055878820895846e+32
71009920.0 5759.038034150264 40365.39873019553 7.052394247919036e+32
71109920.0 5758.955447597384 40359.39019625173 7.048909674942225e+32
71209920.0 5758.872861044502 40353.38166230793 7.045425101965415e+32
71309920.0 5758.790274491622 40347.37312836413 7.041940528988604e+32
71409920.0 5758.707687938741 40341.36459442034 7.038455956011794e+32
71509920.0 5758.62510138586 40335.35606047654 7.034971383034983e+32
71609920.0 5758.54251483298 40329.34752653274 7.031486810058173e+32
71709920.0 5758.459928280099 40323.33899258894 7.028002237081363e+32
71809920.0 5758.377341727218 40317.33045864515 7.024517664104552e+32
71909920.0 5758.294755174337 40311.32192470135 7.02103309112774e+32
72009920.0 5758.212168621457 40305.313390757554 7.017548518150931e+32
72109920.0 5758.1295820685755 40299.30485681375 7.014063945174119e+32
72209920.0 5758.046995515695 40293.29632286995 7.010579372197309e+32
72309920.0 5757.964408962815 40287.28778892616 7.007094799220498e+32
72409920.0 5757.881822409933 40281.27925498236 7.003610226243688e+32
72509920.0 5757.799235857053 40275.27072103856 7.000125653266877e+32
72609920.0 5757.716649304172 40269.26218709476 6.996641080290067e+32
72709920.0 5757.634062751291 40263.25365315097 6.993156507313256e+32
72809920.0 5757.5514761984105 40257.24511920717 6.989671934336446e+32
72909920.0 5757.46888964553 40251.236585263374 6.986187361359636e+32
73009920.0 5757.386303092649 40245.22805131957 6.982702788382825e+32
73109920.0 5757.303716539768 40239.21951737578 6.979218215406015e+32
73209920.0 5757.221129986888 40233.21098343198 6.975733642429204e+32
73309920.0 5757.138543434007 40227.20244948818 6.972249069452394e+32
73409920.0 5757.055956881126 40221.19391554438 6.968764496475582e+32
73509920.0 5756.973370328245 40215.18538160058 6.965279923498773e+32
73609920.0 5756.890783775365 40209.17684765679 6.961795350521961e+32
73709920.0 5756.808197222484 40203.16831371299 6.95831077754515e+32
73809920.0 5756.725610669603 40197.159779769194 6.95482620456834e+32
73909920.0 5756.643024116723 40191.15124582539 6.95134163159153e+32
74009920.0 5756.560437563841 40185.1427118816 6.947857058614719e+32
74109920.0 5756.477851010961 40179.1341779378 6.944372485637908e+32
74209920.0 5756.39526445808 40173.125643994004 6.940887912661098e+32
74309920.0 5756.312677905199 40167.1171100502 6.937403339684288e+32
74409920.0 5756.230091352319 40161.10857610641 6.933918766707477e+32
74509920.0 5756.147504799438 40155.10004216261 6.930434193730667e+32
74609920.0 5756.064918246557 40149.09150821881 6.926949620753856e+32
74709920.0 5755.982331693676 40143.082974275014 6.923465047777046e+32
74809920.0 5755.899745140796 40137.07444033121 6.919980474800235e+32
74909920.0 5755.8171585879145 40131.06590638742 6.916495901823423e+32
75009920.0 5755.734572035034 40125.05737244362 6.913011328846613e+32
75109920.0 5755.651985482154 40119.048838499824 6.909526755869802e+32
75209920.0 5755.569398929272 40113.04030455602 6.906042182892992e+32
75309920.0 5755.486812376392 40107.03177061223 6.902557609916181e+32
75409920.0 5755.404225823511 40101.02323666843 6.899073036939371e+32
75509920.0 5755.32163927063 40095.014702724635 6.89558846396256e+32
75609920.0 5755.2390527177495 40089.006168780834 6.89210389098575e+32
75709920.0 5755.156466164869 40082.99763483704 6.88861931800894e+32
75809920.0 5755.073879611988 40076.98910089324 6.885134745032129e+32
75909920.0 5754.991293059107 40070.98056694944 6.881650172055319e+32
76009920.0 5754.908706506227 40064.972033005644 6.878165599078508e+32
76109920.0 5754.826119953346 40058.96349906184 6.874681026101698e+32
76209920.0 5754.743533400465 40052.95496511805 6.871196453124886e+32
76309920.0 5754.6609468475845 40046.94643117425 6.867711880148077e+32
76409920.0 5754.578360294704 40040.937897230455 6.864227307171265e+32
76509920.0 5754.495773741823 40034.929363286654 6.860742734194456e+32
76609920.0 5754.413187188942 40028.92082934286 6.857258161217644e+32
76709920.0 5754.330600636062 40022.91229539906 6.853773588240834e+32
76809920.0 5754.24801408318 40016.903761455265 6.850289015264023e+32
76909920.0 5754.1654275303 40010.895227511464 6.846804442287213e+32
77009920.0 5754.082840977419 40004.88669356766 6.843319869310402e+32
77109920.0 5754.000254424538 39998.87815962387 6.839835296333592e+32
77209920.0 5753.917667871658 39992.86962568007 6.836350723356781e+32
77309920.0 5753.835081318777 39986.861091736275 6.83286615037997e+32
77409920.0 5753.752494765896 39980.852557792474 6.82938157740316e+32
77509920.0 5753.669908213015 39974.84402384868 6.82589700442635e+32
77609920.0 5753.587321660135 39968.83548990488 6.82241243144954e+32
77709920.0 5753.5047351072535 39962.826955961085 6.818927858472729e+32
77809920.0 5753.422148554373 39956.818422017284 6.815443285495917e+32
77909920.0 5753.339562001493 39950.80988807349 6.811958712519106e+32
78009920.0 5753.256975448611 39944.80135412969 6.808474139542296e+32
78109920.0 5753.174388895731 39938.79282018589 6.804989566565486e+32
78209920.0 5753.09180234285 39932.784286242095 6.801504993588675e+32
78309920.0 5753.009215789969 39926.775752298294 6.798020420611865e+32
78409920.0 5752.9266292370885 39920.7672183545 6.794535847635054e+32
78509920.0 5752.844042684208 39914.7586844107 6.791051274658244e+32
78609920.0 5752.761456131327 39908.750150466905 6.787566701681433e+32
78709920.0 5752.678869578446 39902.741616523104 6.784082128704623e+32
78809920.0 5752.596283025566 39896.73308257931 6.780597555727812e+32
78909920.0 5752.513696472685 39890.72454863551 6.777112982751002e+32
79009920.0 5752.431109919804 39884.716014691716 6.773628409774191e+32
79109920.0 5752.3485233669235 39878.707480747915 6.770143836797381e+32
79209920.0 5752.265936814043 39872.698946804114 6.766659263820569e+32
79309920.0 5752.183350261162 39866.69041286032 6.76317469084376e+32
79409920.0 5752.100763708281 39860.68187891652 6.759690117866948e+32
79509920.0 5752.018177155401 39854.673344972725 6.756205544890138e+32
79609920.0 5751.935590602519 39848.664811028924 6.752720971913327e+32
79709920.0 5751.853004049639 39842.65627708513 6.749236398936517e+32
79809920.0 5751.7704174967585 39836.64774314133 6.745751825959706e+32
79909920.0 5751.687830943877 39830.639209197536 6.742267252982896e+32
80009920.0 5751.605244390997 39824.630675253735 6.738782680006085e+32
80109920.0 5751.522657838116 39818.62214130994 6.735298107029275e+32
80209920.0 5751.440071285235 39812.61360736614 6.731813534052464e+32
80309920.0 5751.357484732354 39806.605073422346 6.728328961075654e+32
80409920.0 5751.274898179474 39800.596539478545 6.724844388098843e+32
80509920.0 5751.1923116265925 39794.58800553475 6.721359815122033e+32
80609920.0 5751.109725073712 39788.57947159095 6.717875242145222e+32
80709920.0 5751.027138520832 39782.57093764715 6.71439066916841e+32
80809920.0 5750.94455196795 39776.562403703356 6.7109060961916e+32
80909920.0 5750.86196541507 39770.553869759555 6.70742152321479e+32
81009920.0 5750.779378862189 39764.54533581576 6.703936950237979e+32
81109920.0 5750.696792309308 39758.53680187196 6.700452377261169e+32
81209920.0 5750.6142057564275 39752.528267928166 6.696967804284358e+32
81309920.0 5750.531619203547 39746.519733984365 6.693483231307548e+32
81409920.0 5750.449032650666 39740.51120004057 6.689998658330737e+32
81509920.0 5750.366446097785 39734.50266609677 6.686514085353927e+32
81609920.0 5750.283859544905 39728.49413215298 6.683029512377116e+32
81709920.0 5750.201272992024 39722.485598209176 6.679544939400306e+32
81809920.0 5750.118686439143 39716.477064265375 6.676060366423495e+32
81909920.0 5750.0360998862625 39710.46853032158 6.672575793446685e+32
82009920.0 5749.953513333382 39704.45999637778 6.669091220469875e+32
82109920.0 5749.870926780501 39698.451462433986 6.665606647493064e+32
82209920.0 5749.78834022762 39692.442928490185 6.662122074516252e+32
82309920.0 5749.70575367474 39686.43439454639 6.658637501539442e+32
82409920.0 5749.623167121858 39680.42586060259 6.655152928562631e+32
82509920.0 5749.540580568978 39674.4173266588 6.651668355585821e+32
82609920.0 5749.4579940160975 39668.408792714996 6.64818378260901e+32
82709920.0 5749.375407463216 39662.4002587712 6.6446992096322e+32
82809920.0 5749.292820910336 39656.3917248274 6.64121463665539e+32
82909920.0 5749.210234357455 39650.3831908836 6.637730063678579e+32
83009920.0 5749.127647804574 39644.374656939806 6.634245490701768e+32
83109920.0 5749.045061251693 39638.366122996005 6.630760917724958e+32
83209920.0 5748.962474698813 39632.35758905221 6.627276344748148e+32
83309920.0 5748.879888145932 39626.34905510841 6.623791771771337e+32
83409920.0 5748.797301593051 39620.34052116462 6.620307198794527e+32
83509920.0 5748.714715040171 39614.331987220816 6.616822625817715e+32
83609920.0 5748.632128487289 39608.32345327702 6.613338052840906e+32
83709920.0 5748.549541934409 39602.31491933322 6.609853479864094e+32
83809920.0 5748.466955381528 39596.30638538943 6.606368906887283e+32
83909920.0 5748.384368828647 39590.297851445626 6.602884333910473e+32
84009920.0 5748.3017822757665 39584.289317501825 6.599399760933662e+32
84109920.0 5748.219195722886 39578.28078355803 6.595915187956852e+32
84209920.0 5748.136609170005 39572.27224961423 6.592430614980041e+32
84309920.0 5748.054022617124 39566.26371567044 6.588946042003231e+32
84409920.0 5747.971436064244 39560.255181726636 6.58546146902642e+32
84509920.0 5747.888849511363 39554.24664778284 6.58197689604961e+32
84609920.0 5747.806262958482 39548.23811383904 6.5784923230728e+32
84709920.0 5747.7236764056015 39542.22957989525 6.575007750095989e+32
84809920.0 5747.641089852721 39536.221045951446 6.571523177119179e+32
84909920.0 5747.55850329984 39530.21251200765 6.568038604142368e+32
85009920.0 5747.475916746959 39524.20397806385 6.564554031165556e+32
85109920.0 5747.393330194079 39518.19544412006 6.561069458188746e+32
85209920.0 5747.310743641197 39512.18691017626 6.557584885211935e+32
85309920.0 5747.228157088317 39506.17837623246 6.554100312235125e+32
85409920.0 5747.1455705354365 39500.16984228866 6.550615739258314e+32
85509920.0 5747.062983982555 39494.16130834486 6.547131166281504e+32
85609920.0 5746.980397429675 39488.15277440107 6.543646593304693e+32
85709920.0 5746.897810876794 39482.144240457266 6.540162020327883e+32
85809920.0 5746.815224323913 39476.13570651347 6.536677447351073e+32
85909920.0 5746.732637771032 39470.12717256967 6.533192874374262e+32
86009920.0 5746.650051218152 39464.11863862588 6.529708301397452e+32
86109920.0 5746.567464665271 39458.11010468208 6.52622372842064e+32
86209920.0 5746.48487811239 39452.10157073828 6.52273915544383e+32
86309920.0 5746.40229155951 39446.09303679448 6.519254582467019e+32
86409920.0 5746.319705006628 39440.08450285069 6.51577000949021e+32
86509920.0 5746.237118453748 39434.07596890689 6.512285436513398e+32
86609920.0 5746.154531900867 39428.067434963086 6.508800863536589e+32
86709920.0 5746.071945347986 39422.05890101929 6.505316290559777e+32
86809920.0 5745.9893587951055 39416.05036707549 6.501831717582966e+32
86909920.0 5745.906772242225 39410.0418331317 6.498347144606156e+32
87009920.0 5745.824185689344 39404.0332991879 6.494862571629346e+32
87109920.0 5745.741599136463 39398.0247652441 6.491377998652535e+32
87209920.0 5745.659012583583 39392.0162313003 6.4878934256757246e+32
87309920.0 5745.576426030702 39386.00769735651 6.484408852698914e+32
87409920.0 5745.493839477821 39379.99916341271 6.480924279722104e+32
87509920.0 5745.4112529249405 39373.99062946891 6.477439706745293e+32
87609920.0 5745.32866637206 39367.98209552511 6.473955133768483e+32
87709920.0 5745.246079819179 39361.97356158131 6.4704705607916715e+32
87809920.0 5745.163493266298 39355.96502763752 6.466985987814861e+32
87909920.0 5745.080906713418 39349.95649369372 6.4635014148380506e+32
88009920.0 5744.998320160536 39343.94795974992 6.46001684186124e+32
88109920.0 5744.915733607656 39337.93942580612 6.456532268884429e+32
88209920.0 5744.8331470547755 39331.93089186233 6.4530476959076185e+32
88309920.0 5744.750560501894 39325.92235791853 6.449563122930808e+32
88409920.0 5744.667973949014 39319.91382397473 6.4460785499539976e+32
88509920.0 5744.585387396133 39313.90529003093 6.442593976977187e+32
88609920.0 5744.502800843252 39307.89675608714 6.4391094040003766e+32
88709920.0 5744.420214290371 39301.88822214334 6.435624831023566e+32
88809920.0 5744.337627737491 39295.87968819954 6.432140258046756e+32
88909920.0 5744.25504118461 39289.87115425574 6.428655685069945e+32
89009920.0 5744.172454631729 39283.86262031194 6.425171112093135e+32
89109920.0 5744.089868078849 39277.85408636815 6.421686539116324e+32
89209920.0 5744.007281525967 39271.84555242435 6.418201966139513e+32
89309920.0 5743.924694973087 39265.83701848055 6.414717393162703e+32
89409920.0 5743.842108420206 39259.82848453675 6.411232820185892e+32
89509920.0 5743.759521867325 39253.81995059296 6.407748247209081e+32
89609920.0 5743.676935314445 39247.81141664916 6.4042636742322705e+32
89709920.0 5743.594348761564 39241.802882705364 6.40077910125546e+32
89809920.0 5743.511762208683 39235.79434876156 6.3972945282786496e+32
89909920.0 5743.429175655802 39229.78581481777 6.393809955301839e+32
90009920.0 5743.346589102922 39223.77728087397 6.390325382325029e+32
90109920.0 5743.264002550041 39217.768746930175 6.386840809348218e+32
90209920.0 5743.18141599716 39211.76021298637 6.383356236371408e+32
90309920.0 5743.0988294442795 39205.75167904257 6.379871663394597e+32
90409920.0 5743.016242891399 39199.74314509878 6.376387090417787e+32
90509920.0 5742.933656338518 39193.73461115498 6.372902517440976e+32
90609920.0 5742.851069785637 39187.726077211184 6.369417944464165e+32
90709920.0 5742.768483232757 39181.71754326738 6.365933371487355e+32
90809920.0 5742.685896679875 39175.70900932359 6.362448798510544e+32
90909920.0 5742.603310126995 39169.70047537979 6.358964225533733e+32
91009920.0 5742.5207235741145 39163.691941435995 6.3554796525569226e+32
91109920.0 5742.438137021233 39157.68340749219 6.351995079580112e+32
91209920.0 5742.355550468353 39151.6748735484 6.348510506603302e+32
91309920.0 5742.272963915472 39145.6663396046 6.345025933626491e+32
91409920.0 5742.190377362591 39139.6578056608 6.341541360649681e+32
91509920.0 5742.10779080971 39133.649271717004 6.33805678767287e+32
91609920.0 5742.02520425683 39127.6407377732 6.33457221469606e+32
91709920.0 5741.942617703949 39121.63220382941 6.331087641719249e+32
91809920.0 5741.860031151068 39115.62366988561 6.327603068742439e+32
91909920.0 5741.777444598188 39109.615135941815 6.3241184957656284e+32
92009920.0 5741.694858045306 39103.60660199801 6.320633922788817e+32
92109920.0 5741.612271492426 39097.59806805422 6.317149349812007e+32
92209920.0 5741.529684939545 39091.58953411042 6.313664776835196e+32
92309920.0 5741.447098386664 39085.581000166625 6.310180203858385e+32
92409920.0 5741.364511833784 39079.572466222824 6.3066956308815746e+32
92509920.0 5741.281925280903 39073.56393227902 6.303211057904764e+32
92609920.0 5741.199338728022 39067.55539833523 6.299726484927954e+32
92709920.0 5741.116752175141 39061.54686439143 6.296241911951143e+32
92809920.0 5741.034165622261 39055.538330447635 6.292757338974333e+32
92909920.0 5740.95157906938 39049.52979650383 6.289272765997522e+32
93009920.0 5740.868992516499 39043.52126256004 6.285788193020712e+32
93109920.0 5740.786405963619 39037.51272861624 6.2823036200439014e+32
93209920.0 5740.703819410738 39031.504194672445 6.278819047067091e+32
93309920.0 5740.621232857857 39025.495660728644 6.2753344740902804e+32
93409920.0 5740.538646304976 39019.48712678485 6.271849901113469e+32
93509920.0 5740.456059752096 39013.47859284105 6.268365328136659e+32
93609920.0 5740.3734731992145 39007.470058897256 6.264880755159848e+32
93709920.0 5740.290886646334 39001.461524953455 6.261396182183038e+32
93809920.0 5740.2083000934535 38995.45299100965 6.257911609206227e+32
93909920.0 5740.125713540572 38989.44445706586 6.254427036229416e+32
94009920.0 5740.043126987692 38983.43592312206 6.250942463252606e+32
94109920.0 5739.960540434811 38977.427389178265 6.247457890275795e+32
94209920.0 5739.87795388193 38971.418855234464 6.243973317298985e+32
94309920.0 5739.795367329049 38965.41032129067 6.240488744322174e+32
94409920.0 5739.712780776169 38959.40178734687 6.237004171345364e+32
94509920.0 5739.630194223288 38953.393253403076 6.2335195983685534e+32
94609920.0 5739.547607670407 38947.384719459274 6.230035025391743e+32
94709920.0 5739.465021117527 38941.37618551548 6.2265504524149325e+32
94809920.0 5739.382434564645 38935.36765157168 6.223065879438121e+32
94909920.0 5739.299848011765 38929.359117627886 6.219581306461311e+32
95009920.0 5739.217261458884 38923.350583684085 6.2160967334845004e+32
95109920.0 5739.134674906003 38917.342049740284 6.21261216050769e+32
95209920.0 5739.052088353123 38911.33351579649 6.209127587530879e+32
95309920.0 5738.969501800242 38905.32498185269 6.205643014554068e+32
95409920.0 5738.886915247361 38899.316447908895 6.202158441577258e+32
95509920.0 5738.80432869448 38893.307913965094 6.198673868600447e+32
95609920.0 5738.7217421416 38887.2993800213 6.195189295623637e+32
95709920.0 5738.639155588719 38881.2908460775 6.1917047226468264e+32
95809920.0 5738.556569035838 38875.282312133706 6.188220149670016e+32
95909920.0 5738.473982482958 38869.273778189905 6.1847355766932055e+32
96009920.0 5738.391395930077 38863.26524424611 6.181251003716395e+32
96109920.0 5738.308809377196 38857.25671030231 6.1777664307395845e+32
96209920.0 5738.226222824315 38851.24817635851 6.174281857762773e+32
96309920.0 5738.143636271435 38845.239642414715 6.170797284785963e+32
96409920.0 5738.0610497185535 38839.231108470914 6.1673127118091524e+32
96509920.0 5737.978463165673 38833.22257452712 6.163828138832342e+32
96609920.0 5737.895876612793 38827.21404058332 6.160343565855531e+32
96709920.0 5737.813290059911 38821.205506639526 6.156858992878721e+32
96809920.0 5737.730703507031 38815.196972695725 6.15337441990191e+32
96909920.0 5737.64811695415 38809.18843875193 6.1498898469250994e+32
97009920.0 5737.565530401269 38803.17990480813 6.146405273948289e+32
97109920.0 5737.4829438483885 38797.17137086434 6.1429207009714785e+32
97209920.0 5737.400357295508 38791.162836920535 6.139436127994668e+32
97309920.0 5737.317770742627 38785.154302976734 6.1359515550178575e+32
97409920.0 5737.235184189746 38779.14576903294 6.132466982041047e+32
97509920.0 5737.152597636866 38773.13723508914 6.1289824090642366e+32
97609920.0 5737.070011083984 38767.128701145346 6.125497836087426e+32
97709920.0 5736.987424531104 38761.120167201545 6.122013263110616e+32
97809920.0 5736.904837978223 38755.11163325775 6.1185286901338045e+32
97909920.0 5736.822251425342 38749.10309931395 6.115044117156994e+32
98009920.0 5736.739664872462 38743.09456537016 6.111559544180183e+32
98109920.0 5736.657078319581 38737.086031426355 6.108074971203373e+32
98209920.0 5736.5744917667 38731.07749748256 6.104590398226562e+32
98309920.0 5736.491905213819 38725.06896353876 6.1011058252497514e+32
98409920.0 5736.409318660939 38719.06042959497 6.097621252272941e+32
98509920.0 5736.326732108058 38713.051895651166 6.0941366792961305e+32
98609920.0 5736.244145555177 38707.04336170737 6.09065210631932e+32
98709920.0 5736.161559002297 38701.03482776357 6.0871675333425096e+32
98809920.0 5736.078972449416 38695.02629381977 6.083682960365699e+32
98909920.0 5735.996385896535 38689.01775987598 6.080198387388889e+32
99009920.0 5735.913799343654 38683.009225932175 6.076713814412078e+32
99109920.0 5735.831212790774 38677.00069198838 6.073229241435268e+32
99209920.0 5735.7486262378925 38670.99215804458 6.0697446684584565e+32
99309920.0 5735.666039685012 38664.98362410079 6.066260095481646e+32
99409920.0 5735.583453132132 38658.975090156986 6.0627755225048356e+32
99509920.0 5735.50086657925 38652.96655621319 6.059290949528025e+32
99609920.0 5735.41828002637 38646.95802226939 6.055806376551214e+32
99709920.0 5735.335693473489 38640.9494883256 6.0523218035744035e+32
99809920.0 5735.253106920608 38634.9409543818 6.048837230597593e+32
99909920.0 5735.1705203677275 38628.932420437995 6.0453526576207825e+32
100009920.0 5735.087933814847 38622.9238864942 6.041868084643972e+32
