257754 14264.0 121792.0 5.59e+35
267754.0 14125.878183008963 121470.49776639524 5.3231404385098875e+35
277754.0 13987.756366017928 121148.99553279049 5.056280877019775e+35
287754.0 13849.63454902689 120827.49329918573 4.789421315529662e+35
297754.0 13711.512732035855 120505.99106558098 4.52256175403955e+35
307754.0 13573.390915044818 120184.48883197622 4.255702192549438e+35
317754.0 13435.269098053783 119862.98659837147 3.9888426310593246e+35
327754.0 13297.147281062746 119541.48436476671 3.721983069569212e+35
337754.0 13159.02546407171 119219.98213116196 3.4551235080791e+35
347754.0 13020.903647080673 118898.4798975572 3.1882639465889874e+35
357754.0 12882.781830089638 118576.97766395245 2.921404385098875e+35
367754.0 12793.231689625747 118019.54822625869 2.8013400585151775e+35
377754.0 12718.198165305375 117391.60722906255 2.7251484213092773e+35
387754.0 12643.164640985005 116763.66623186639 2.648956784103377e+35
397754.0 12568.131116664636 116135.72523467024 2.5727651468974765e+35
407754.0 12493.097592344264 115507.7842374741 2.4965735096915763e+35
417754.0 12418.064068023894 114879.84324027794 2.420381872485676e+35
427754.0 12343.030543703524 114251.9022430818 2.344190235279776e+35
437754.0 12267.997019383152 113623.96124588566 2.2679985980738757e+35
447754.0 12192.963495062782 112996.0202486895 2.191806960867975e+35
457754.0 12117.92997074241 112368.07925149336 2.115615323662075e+35
467754.0 12042.89644642204 111740.13825429721 2.0394236864561747e+35
477754.0 11967.86292210167 111112.19725710106 1.963232049250274e+35
487754.0 11892.8293977813 110484.25625990491 1.8870404120443742e+35
497754.0 11817.79587346093 109856.31526270877 1.8108487748384737e+35
507754.0 11742.762349140557 109228.37426551261 1.7346571376325738e+35
517754.0 11667.728824820188 108600.43326831647 1.6584655004266732e+35
527754.0 11608.901552678884 108083.01753429286 1.6026771320681877e+35
537754.0 11578.402934044325 107758.80081072278 1.5825538346463343e+35
547754.0 11547.904315409765 107434.5840871527 1.5624305372244809e+35
557754.0 11517.405696775206 107110.36736358263 1.5423072398026277e+35
567754.0 11486.907078140646 106786.15064001255 1.5221839423807743e+35
577754.0 11456.408459506087 106461.93391644247 1.5020606449589209e+35
587754.0 11425.909840871527 106137.7171928724 1.4819373475370677e+35
597754.0 11395.411222236968 105813.50046930232 1.4618140501152143e+35
607754.0 11364.912603602408 105489.28374573225 1.4416907526933611e+35
617754.0 11334.413984967849 105165.06702216217 1.4215674552715077e+35
627754.0 11303.915366333289 104840.8502985921 1.4014441578496545e+35
637754.0 11273.41674769873 104516.63357502202 1.3813208604278011e+35
647754.0 11242.91812906417 104192.41685145194 1.3611975630059477e+35
657754.0 11212.41951042961 103868.20012788186 1.3410742655840945e+35
667754.0 11181.920891795051 103543.98340431179 1.3209509681622411e+35
677754.0 11151.422273160491 103219.76668074171 1.3008276707403877e+35
687754.0 11120.923654525932 102895.54995717164 1.2807043733185345e+35
697754.0 11090.425035891372 102571.33323360156 1.2605810758966811e+35
707754.0 11059.926417256813 102247.11651003148 1.2404577784748277e+35
717754.0 11029.427798622253 101922.8997864614 1.2203344810529745e+35
727754.0 10998.929179987694 101598.68306289133 1.2002111836311211e+35
737754.0 10968.430561353134 101274.46633932125 1.1800878862092677e+35
747754.0 10937.931942718575 100950.24961575119 1.1599645887874145e+35
757754.0 10907.433324084015 100626.0328921811 1.1398412913655611e+35
767754.0 10876.934705449457 100301.81616861104 1.1197179939437077e+35
777754.0 10846.436086814898 99977.59944504096 1.0995946965218545e+35
787754.0 10815.937468180338 99653.38272147089 1.0794713991000013e+35
797754.0 10785.438849545779 99329.16599790081 1.0593481016781479e+35
807754.0 10754.94023091122 99004.94927433073 1.0392248042562945e+35
817754.0 10724.44161227666 98680.73255076066 1.0191015068344413e+35
827754.0 10693.9429936421 98356.51582719058 9.989782094125879e+34
837754.0 10663.44437500754 98032.2991036205 9.788549119907345e+34
847754.0 10632.945756372981 97708.08238005043 9.587316145688813e+34
857754.0 10602.447137738422 97383.86565648035 9.386083171470279e+34
867754.0 10571.948519103862 97059.64893291028 9.184850197251745e+34
877754.0 10541.449900469303 96735.4322093402 8.983617223033213e+34
887754.0 10510.951281834743 96411.21548577012 8.782384248814681e+34
897754.0 10480.452663200183 96086.99876220005 8.581151274596145e+34
907754.0 10449.954044565624 95762.78203862997 8.379918300377613e+34
917754.0 10419.455425931064 95438.5653150599 8.17868532615908e+34
927754.0 10388.956807296505 95114.34859148982 7.977452351940547e+34
937754.0 10358.458188661945 94790.13186791974 7.776219377722013e+34
947754.0 10349.593372317247 94647.29921865217 7.728859069394706e+34
957754.0 10342.625102051037 94520.36776188925 7.694988142045027e+34
967754.0 10335.656831784829 94393.43630512635 7.661117214695349e+34
977754.0 10328.68856151862 94266.50484836343 7.6272462873456705e+34
987754.0 10321.72029125241 94139.57339160051 7.593375359995993e+34
997754.0 10314.752020986201 94012.6419348376 7.559504432646315e+34
1007754.0 10307.783750719993 93885.71047807467 7.525633505296636e+34
1107754.0 10238.1010480579 92616.39591044551 7.186924231799854e+34
1207754.0 10168.418345395809 91347.08134281635 6.848214958303072e+34
1307754.0 10098.735642733716 90077.76677518719 6.509505684806291e+34
1407754.0 10029.052940071624 88808.45220755803 6.170796411309509e+34
1507754.0 9959.370237409532 87539.13763992887 5.832087137812727e+34
1607754.0 9889.68753474744 86269.82307229971 5.493377864315945e+34
1707754.0 9820.004832085348 85000.50850467055 5.154668590819163e+34
1807754.0 9750.322129423255 83731.19393704139 4.815959317322381e+34
1907754.0 9680.639426761163 82461.87936941223 4.477250043825599e+34
2007754.0 9610.956724099071 81192.56480178307 4.138540770328817e+34
2107754.0 9541.274021436979 79923.25023415392 3.799831496832036e+34
2207754.0 9471.591318774887 78653.93566652476 3.4611222233352534e+34
2307754.0 9401.908616112794 77384.62109889559 3.1224129498384713e+34
2407754.0 9332.225913450702 76115.30653126643 2.78370367634169e+34
2507754.0 9262.54321078861 74845.99196363727 2.444994402844908e+34
2607754.0 9236.649660358977 74217.56285659301 2.328861049985416e+34
2707754.0 9227.824105642041 73838.93603472487 2.299482627639773e+34
2807754.0 9218.998550925104 73460.30921285674 2.27010420529413e+34
2907754.0 9210.172996208168 73081.68239098862 2.240725782948487e+34
3007754.0 9201.347441491233 72703.05556912048 2.211347360602844e+34
3107754.0 9192.521886774297 72324.42874725236 2.181968938257201e+34
3207754.0 9183.696332057361 71945.80192538422 2.152590515911558e+34
3307754.0 9174.870777340426 71567.17510351609 2.123212093565915e+34
3407754.0 9166.04522262349 71188.54828164796 2.093833671220272e+34
3507754.0 9157.219667906555 70809.92145977983 2.064455248874629e+34
3607754.0 9148.394113189619 70431.29463791169 2.035076826528986e+34
3707754.0 9139.568558472683 70052.66781604357 2.0056984041833432e+34
3807754.0 9130.743003755748 69674.04099417543 1.9763199818377e+34
3907754.0 9121.917449038812 69295.4141723073 1.946941559492057e+34
4007754.0 9113.091894321875 68916.78735043918 1.9175631371464141e+34
4107754.0 9104.26633960494 68538.16052857104 1.888184714800771e+34
4207754.0 9095.440784888004 68159.53370670292 1.858806292455128e+34
4307754.0 9086.615230171068 67780.90688483478 1.8294278701094851e+34
4407754.0 9077.789675454133 67402.28006296665 1.800049447763842e+34
4507754.0 9068.964120737197 67023.65324109852 1.770671025418199e+34
4607754.0 9060.138566020261 66645.02641923039 1.7412926030725561e+34
4707754.0 9051.313011303326 66266.39959736225 1.711914180726913e+34
4807754.0 9042.48745658639 65887.77277549413 1.68253575838127e+34
4907754.0 9033.661901869455 65509.14595362599 1.653157336035627e+34
5007754.0 9024.836347152519 65130.519131757865 1.623778913689984e+34
5107754.0 9016.010792435582 64751.892309889736 1.594400491344341e+34
5207754.0 9007.185237718646 64373.2654880216 1.565022068998698e+34
5307754.0 8998.35968300171 63994.63866615347 1.535643646653055e+34
5407754.0 8989.534128284775 63616.01184428534 1.506265224307412e+34
5507754.0 8980.70857356784 63237.38502241721 1.476886801961769e+34
5607754.0 8971.883018850904 62858.75820054908 1.447508379616126e+34
5707754.0 8963.057464133968 62480.13137868095 1.418129957270483e+34
5807754.0 8954.231909417033 62101.50455681282 1.38875153492484e+34
5907754.0 8945.406354700097 61722.87773494468 1.359373112579197e+34
6007754.0 8936.580799983161 61344.250913076554 1.3299946902335538e+34
6107754.0 8927.755245266226 60965.624091208425 1.3006162678879108e+34
6207754.0 8918.929690549288 60586.997269340296 1.271237845542268e+34
6307754.0 8910.104135832353 60208.37044747216 1.241859423196625e+34
6407754.0 8901.278581115417 59829.74362560403 1.212481000850982e+34
6507754.0 8892.453026398482 59451.1168037359 1.183102578505339e+34
6607754.0 8883.627471681546 59072.48998186777 1.153724156159696e+34
6707754.0 8874.80191696461 58693.863159999644 1.124345733814053e+34
6807754.0 8865.976362247675 58315.23633813151 1.0949673114684101e+34
6907754.0 8857.15080753074 57936.60951626338 1.065588889122767e+34
7007754.0 8848.325252813804 57557.98269439525 1.0362104667771238e+34
7107754.0 8839.499698096868 57179.355872527114 1.0068320444314809e+34
7207754.0 8830.674143379933 56800.729050658985 9.77453622085838e+33
7307754.0 8821.848588662997 56422.102228790856 9.480751997401948e+33
7407754.0 8813.02303394606 56043.47540692272 9.186967773945519e+33
7507754.0 8804.197479229124 55664.84858505459 8.89318355048909e+33
7607754.0 8795.371924512188 55286.22176318646 8.59939932703266e+33
7707754.0 8786.546369795253 54907.594941318326 8.305615103576229e+33
7807754.0 8777.720815078317 54528.968119450205 8.011830880119799e+33
7907754.0 8768.895260361382 54150.34129758207 7.71804665666337e+33
8007754.0 8760.069705644446 53771.71447571394 7.424262433206941e+33
8107754.0 8751.24415092751 53393.08765384581 7.130478209750507e+33
8207754.0 8742.418596210575 53014.460831977674 6.836693986294078e+33
8307754.0 8733.59304149364 52635.834010109545 6.542909762837648e+33
8407754.0 8724.767486776704 52257.20718824142 6.249125539381219e+33
8507754.0 8715.941932059766 51878.58036637328 5.955341315924788e+33
8607754.0 8707.11637734283 51499.95354450515 5.661557092468358e+33
8707754.0 8698.290822625895 51121.32672263702 5.367772869011929e+33
8807754.0 8689.46526790896 50742.69990076889 5.0739886455555e+33
8907754.0 8680.639713192024 50364.073078900765 4.780204422099068e+33
9007754.0 8671.814158475088 49985.44625703263 4.486420198642639e+33
9107754.0 8662.988603758153 49606.8194351645 4.1926359751862097e+33
9207754.0 8655.722005464471 49278.67544565786 3.954239335458222e+33
9307754.0 8654.386392244869 49142.59129872721 3.9265624615186746e+33
9407754.0 8653.050779025267 49006.50715179656 3.898885587579127e+33
9507754.0 8651.715165805663 48870.42300486592 3.8712087136395787e+33
9607754.0 8650.37955258606 48734.338857935276 3.843531839700031e+33
9707754.0 8649.043939366458 48598.25471100463 3.8158549657604834e+33
9807754.0 8647.708326146854 48462.17056407398 3.788178091820935e+33
9907754.0 8646.372712927252 48326.086417143335 3.7605012178813875e+33
10007754.0 8645.03709970765 48190.002270212695 3.73282434394184e+33
10107754.0 8643.701486488046 48053.91812328205 3.7051474700022917e+33
10207754.0 8642.365873268443 47917.8339763514 3.677470596062744e+33
10307754.0 8641.030260048841 47781.749829420754 3.6497937221231964e+33
10407754.0 8639.694646829237 47645.66568249011 3.622116848183649e+33
10507754.0 8638.359033609635 47509.58153555947 3.5944399742441005e+33
10607754.0 8637.023420390033 47373.49738862882 3.566763100304553e+33
10707754.0 8635.687807170429 47237.413241698174 3.5390862263650046e+33
10807754.0 8634.352193950826 47101.32909476753 3.511409352425457e+33
10907754.0 8633.016580731224 46965.24494783688 3.4837324784859093e+33
11007754.0 8631.68096751162 46829.16080090624 3.4560556045463617e+33
11107754.0 8630.345354292018 46693.07665397559 3.4283787306068135e+33
11207754.0 8629.009741072416 46556.992507044946 3.400701856667266e+33
11307754.0 8627.674127852812 46420.9083601143 3.373024982727718e+33
11407754.0 8626.33851463321 46284.82421318366 3.34534810878817e+33
11507754.0 8625.002901413607 46148.74006625301 3.3176712348486223e+33
11607754.0 8623.667288194003 46012.655919322366 3.2899943609090747e+33
11707754.0 8622.3316749744 45876.57177239172 3.2623174869695264e+33
11807754.0 8620.996061754799 45740.48762546107 3.234640613029979e+33
11907754.0 8619.660448535195 45604.40347853043 3.2069637390904306e+33
12007754.0 8618.324835315592 45468.319331599785 3.179286865150883e+33
12107754.0 8616.98922209599 45332.23518466914 3.151609991211335e+33
12207754.0 8615.653608876386 45196.15103773849 3.1239331172717876e+33
12307754.0 8614.317995656784 45060.06689080785 3.0962562433322394e+33
12407754.0 8612.982382437182 44923.982743877204 3.068579369392692e+33
12507754.0 8611.646769217577 44787.89859694656 3.040902495453144e+33
12607754.0 8610.311155997975 44651.81445001591 3.013225621513596e+33
12707754.0 8608.975542778373 44515.73030308526 2.985548747574048e+33
12807754.0 8607.639929558769 44379.64615615462 2.9578718736345006e+33
12907754.0 8606.304316339167 44243.56200922398 2.930194999694953e+33
13007754.0 8604.968703119564 44107.47786229333 2.902518125755405e+33
13107754.0 8603.63308989996 43971.39371536268 2.8748412518158565e+33
13207754.0 8602.297476680358 43835.30956843204 2.847164377876309e+33
13307754.0 8600.961863460756 43699.225421501396 2.819487503936761e+33
13407754.0 8599.626250241152 43563.14127457075 2.7918106299972136e+33
13507754.0 8598.29063702155 43427.0571276401 2.7641337560576654e+33
13607754.0 8596.955023801947 43290.972980709455 2.7364568821181177e+33
13707754.0 8595.619410582343 43154.888833778816 2.70878000817857e+33
13807754.0 8594.283797362741 43018.80468684817 2.681103134239022e+33
13907754.0 8592.948184143139 42882.72053991752 2.653426260299474e+33
14007754.0 8591.612570923535 42746.636392986875 2.6257493863599265e+33
14107754.0 8590.276957703933 42610.55224605623 2.598072512420379e+33
14207754.0 8588.94134448433 42474.46809912559 2.5703956384808307e+33
14307754.0 8587.605731264726 42338.38395219494 2.542718764541283e+33
14407754.0 8586.270118045124 42202.299805264294 2.515041890601735e+33
14507754.0 8584.934504825522 42066.21565833365 2.4873650166621872e+33
14607754.0 8583.598891605918 41930.131511403 2.4596881427226392e+33
14707754.0 8582.263278386316 41794.04736447236 2.4320112687830916e+33
14807754.0 8580.927665166713 41657.963217541714 2.4043343948435436e+33
14907754.0 8579.59205194711 41521.87907061107 2.3766575209039957e+33
15007754.0 8578.256438727507 41385.79492368042 2.348980646964448e+33
15107754.0 8576.920825507905 41249.71077674978 2.3213037730249e+33
15207754.0 8575.5852122883 41113.62662981913 2.2936268990853522e+33
15307754.0 8574.249599068698 40977.542482888486 2.2659500251458045e+33
15407754.0 8572.913985849096 40841.45833595784 2.2382731512062566e+33
15507754.0 8571.578372629492 40705.37418902719 2.2105962772667087e+33
15607754.0 8570.24275940989 40569.29004209655 2.182919403327161e+33
15707754.0 8568.907146190288 40433.205895165906 2.1552425293876134e+33
15807754.0 8567.571532970684 40297.12174823526 2.1275656554480654e+33
15907754.0 8566.235919751081 40161.03760130461 2.0998887815085175e+33
16007754.0 8564.90030653148 40024.95345437397 2.0722119075689696e+33
16107754.0 8563.564693311875 39888.869307443325 2.0445350336294216e+33
16207754.0 8562.229080092273 39752.78516051268 2.0168581596898737e+33
16307754.0 8560.89346687267 39616.70101358203 1.9891812857503263e+33
16407754.0 8559.557853653067 39480.616866651384 1.9615044118107784e+33
16507754.0 8558.222240433464 39344.532719720744 1.9338275378712305e+33
16607754.0 8556.886627213862 39208.4485727901 1.9061506639316825e+33
16707754.0 8555.551013994258 39072.36442585945 1.878473789992135e+33
16807754.0 8554.215400774656 38936.2802789288 1.850796916052587e+33
16907754.0 8552.879787555054 38800.19613199816 1.823120042113039e+33
17007754.0 8551.54417433545 38664.11198506752 1.7954431681734914e+33
17107754.0 8550.208561115847 38528.02783813687 1.7677662942339437e+33
17207754.0 8548.872947896245 38391.94369120622 1.7400894202943958e+33
17307754.0 8547.537334676641 38255.859544275576 1.712412546354848e+33
17407754.0 8546.201721457039 38119.77539734493 1.6847356724153e+33
17507754.0 8544.866108237436 37983.69125041429 1.657058798475752e+33
17607754.0 8543.530495017832 37847.60710348364 1.629381924536204e+33
17707754.0 8542.19488179823 37711.522956552995 1.6017050505966567e+33
17807754.0 8540.859268578628 37575.438809622356 1.5740281766571088e+33
17907754.0 8539.523655359024 37439.35466269171 1.5463513027175608e+33
18007754.0 8538.188042139422 37303.27051576106 1.518674428778013e+33
18107754.0 8536.85242891982 37167.186368830415 1.490997554838465e+33
18207754.0 8535.516815700215 37031.10222189977 1.4633206808989173e+33
18307754.0 8534.181202480613 36895.01807496912 1.4356438069593694e+33
18407754.0 8532.84558926101 36758.933928038474 1.4079669330198215e+33
18507754.0 8531.509976041407 36622.849781107834 1.3802900590802738e+33
18607754.0 8530.174362821805 36486.76563417719 1.3526131851407262e+33
18707754.0 8528.838749602202 36350.68148724654 1.324936311201178e+33
18807754.0 8527.503136382598 36214.5973403159 1.2972594372616303e+33
18907754.0 8526.167523162996 36078.51319338525 1.2695825633220826e+33
19007754.0 8524.831909943394 35942.42904645461 1.2419056893825344e+33
19107754.0 8523.49629672379 35806.34489952396 1.2142288154429868e+33
19207754.0 8522.160683504188 35670.26075259331 1.1865519415034391e+33
19307754.0 8520.825070284585 35534.17660566267 1.1588750675638915e+33
19407754.0 8519.489457064981 35398.092458732026 1.1311981936243433e+33
19507754.0 8518.153843845379 35262.00831180138 1.1035213196847956e+33
19607754.0 8516.818230625777 35125.92416487073 1.0758444457452474e+33
19707754.0 8515.482617406173 34989.84001794009 1.0481675718056997e+33
19807754.0 8514.14700418657 34853.755871009445 1.0204906978661515e+33
19907754.0 8512.811390966968 34717.6717240788 9.928138239266044e+32
20007754.0 8511.475777747364 34581.58757714815 9.651369499870562e+32
20107754.0 8510.140164527762 34445.503430217505 9.374600760475086e+32
20207754.0 8508.80455130816 34309.41928328686 9.097832021079604e+32
20307754.0 8507.468938088556 34173.33513635622 8.821063281684127e+32
20407754.0 8506.133324868953 34037.25098942557 8.54429454228865e+32
20507754.0 8504.797711649351 33901.166842494924 8.267525802893168e+32
20607754.0 8503.462098429747 33765.082695564284 7.990757063497692e+32
20707754.0 8502.126485210145 33628.99854863364 7.713988324102215e+32
20807754.0 8500.790871990543 33492.91440170299 7.437219584706739e+32
20907754.0 8499.455258770939 33356.83025477234 7.160450845311257e+32
21007754.0 8498.119645551336 33220.746107841696 6.88368210591578e+32
21107754.0 8496.784032331734 33084.66196091105 6.606913366520298e+32
21207754.0 8495.44841911213 32948.57781398041 6.3301446271248216e+32
21307754.0 8494.112805892528 32812.49366704976 6.0533758877293394e+32
21407754.0 8493.719887961704 32794.67516932999 6.026616345732093e+32
21507754.0 8493.413935148834 32787.76686311726 6.0229205440544975e+32
21607754.0 8493.107982335963 32780.85855690452 6.019224742376901e+32
21707754.0 8492.802029523093 32773.95025069178 6.015528940699305e+32
21807754.0 8492.496076710222 32767.041944479042 6.0118331390217085e+32
21907754.0 8492.190123897351 32760.133638266303 6.0081373373441126e+32
22007754.0 8491.88417108448 32753.225332053567 6.004441535666517e+32
22107754.0 8491.57821827161 32746.317025840828 6.00074573398892e+32
22207754.0 8491.27226545874 32739.408719628093 5.997049932311324e+32
22307754.0 8490.966312645869 32732.500413415353 5.9933541306337285e+32
22407754.0 8490.660359832998 32725.592107202618 5.989658328956132e+32
22507754.0 8490.354407020128 32718.68380098988 5.985962527278536e+32
22607754.0 8490.048454207257 32711.775494777143 5.9822667256009395e+32
22707754.0 8489.742501394387 32704.867188564403 5.9785709239233436e+32
22807754.0 8489.436548581516 32697.958882351668 5.974875122245748e+32
22907754.0 8489.130595768645 32691.05057613893 5.971179320568151e+32
23007754.0 8488.824642955775 32684.142269926193 5.967483518890555e+32
23107754.0 8488.518690142904 32677.233963713454 5.9637877172129595e+32
23207754.0 8488.212737330034 32670.325657500718 5.960091915535363e+32
23307754.0 8487.906784517163 32663.41735128798 5.956396113857767e+32
23407754.0 8487.600831704292 32656.509045075243 5.9527003121801704e+32
23507754.0 8487.294878891422 32649.600738862504 5.9490045105025746e+32
23607754.0 8486.988926078551 32642.69243264977 5.945308708824979e+32
23707754.0 8486.68297326568 32635.78412643703 5.941612907147382e+32
23807754.0 8486.37702045281 32628.875820224293 5.937917105469786e+32
23907754.0 8486.07106763994 32621.967514011554 5.93422130379219e+32
24007754.0 8485.765114827069 32615.05920779882 5.930525502114594e+32
24107754.0 8485.459162014198 32608.15090158608 5.926829700436998e+32
24207754.0 8485.153209201328 32601.242595373344 5.9231338987594014e+32
24307754.0 8484.847256388457 32594.334289160608 5.9194380970818056e+32
24407754.0 8484.541303575586 32587.42598294787 5.91574229540421e+32
24507754.0 8484.235350762716 32580.517676735133 5.912046493726613e+32
24607754.0 8483.929397949845 32573.609370522394 5.908350692049017e+32
24707754.0 8483.623445136975 32566.70106430966 5.904654890371421e+32
24807754.0 8483.317492324104 32559.79275809692 5.900959088693825e+32
24907754.0 8483.011539511233 32552.884451884183 5.897263287016229e+32
25007754.0 8482.705586698363 32545.976145671444 5.8935674853386324e+32
25107754.0 8482.399633885492 32539.06783945871 5.8898716836610366e+32
25207754.0 8482.093681072622 32532.15953324597 5.886175881983441e+32
25307754.0 8481.787728259751 32525.251227033234 5.882480080305844e+32
25407754.0 8481.48177544688 32518.342920820494 5.878784278628248e+32
25507754.0 8481.17582263401 32511.43461460776 5.875088476950652e+32
25607754.0 8480.86986982114 32504.52630839502 5.871392675273056e+32
25707754.0 8480.563917008269 32497.618002182284 5.86769687359546e+32
25807754.0 8480.257964195398 32490.709695969545 5.8640010719178634e+32
25907754.0 8479.952011382527 32483.80138975681 5.8603052702402675e+32
26007754.0 8479.646058569657 32476.89308354407 5.856609468562671e+32
26107754.0 8479.340105756786 32469.984777331334 5.852913666885075e+32
26207754.0 8479.034152943916 32463.076471118595 5.849217865207479e+32
26307754.0 8478.728200131045 32456.16816490586 5.845522063529883e+32
26407754.0 8478.422247318174 32449.25985869312 5.841826261852287e+32
26507754.0 8478.116294505304 32442.351552480384 5.838130460174691e+32
26607754.0 8477.810341692433 32435.443246267645 5.8344346584970944e+32
26707754.0 8477.504388879563 32428.53494005491 5.8307388568194985e+32
26807754.0 8477.198436066692 32421.62663384217 5.827043055141902e+32
26907754.0 8476.892483253821 32414.718327629434 5.823347253464306e+32
27007754.0 8476.58653044095 32407.810021416695 5.81965145178671e+32
27107754.0 8476.28057762808 32400.90171520396 5.815955650109114e+32
27207754.0 8475.97462481521 32393.99340899122 5.812259848431518e+32
27307754.0 8475.668672002339 32387.085102778485 5.808564046753922e+32
27407754.0 8475.362719189468 32380.17679656575 5.804868245076325e+32
27507754.0 8475.056766376598 32373.26849035301 5.8011724433987295e+32
27607754.0 8474.750813563727 32366.360184140274 5.797476641721133e+32
27707754.0 8474.444860750857 32359.451877927535 5.793780840043537e+32
27807754.0 8474.138907937986 32352.5435717148 5.790085038365941e+32
27907754.0 8473.832955125115 32345.63526550206 5.7863892366883446e+32
28007754.0 8473.527002312245 32338.726959289324 5.782693435010749e+32
28107754.0 8473.221049499374 32331.818653076585 5.778997633333152e+32
28207754.0 8472.915096686504 32324.91034686385 5.775301831655556e+32
28307754.0 8472.609143873633 32318.00204065111 5.7716060299779605e+32
28407754.0 8472.303191060762 32311.093734438375 5.767910228300364e+32
28507754.0 8471.997238247892 32304.185428225635 5.764214426622768e+32
28607754.0 8471.691285435021 32297.2771220129 5.760518624945172e+32
28707754.0 8471.38533262215 32290.36881580016 5.7568228232675756e+32
28807754.0 8471.07937980928 32283.460509587425 5.75312702158998e+32
28907754.0 8470.77342699641 32276.552203374686 5.749431219912383e+32
29007754.0 8470.467474183539 32269.64389716195 5.745735418234787e+32
29107754.0 8470.161521370668 32262.73559094921 5.7420396165571915e+32
29207754.0 8469.855568557798 32255.827284736475 5.738343814879595e+32
29307754.0 8469.549615744927 32248.918978523736 5.734648013201999e+32
29407754.0 8469.243662932056 32242.010672311 5.730952211524403e+32
29507754.0 8468.937710119186 32235.10236609826 5.7272564098468066e+32
29607754.0 8468.631757306315 32228.194059885525 5.723560608169211e+32
29707754.0 8468.325804493445 32221.285753672786 5.719864806491614e+32
29807754.0 8468.019851680574 32214.37744746005 5.716169004814018e+32
29907754.0 8467.713898867703 32207.46914124731 5.7124732031364224e+32
30007754.0 8467.407946054833 32200.560835034576 5.708777401458826e+32
30107754.0 8467.101993241962 32193.652528821836 5.70508159978123e+32
30207754.0 8466.796040429092 32186.7442226091 5.7013857981036334e+32
30307754.0 8466.490087616221 32179.83591639636 5.6976899964260376e+32
30407754.0 8466.18413480335 32172.927610183626 5.693994194748442e+32
30507754.0 8465.87818199048 32166.01930397089 5.690298393070845e+32
30607754.0 8465.57222917761 32159.11099775815 5.686602591393249e+32
30707754.0 8465.266276364739 32152.202691545415 5.6829067897156534e+32
30807754.0 8464.960323551868 32145.294385332676 5.679210988038057e+32
30907754.0 8464.654370738997 32138.38607911994 5.675515186360461e+32
31007754.0 8464.348417926127 32131.4777729072 5.6718193846828644e+32
31107754.0 8464.042465113256 32124.569466694466 5.6681235830052686e+32
31207754.0 8463.736512300386 32117.661160481726 5.664427781327673e+32
31307754.0 8463.430559487515 32110.75285426899 5.660731979650076e+32
31407754.0 8463.124606674644 32103.84454805625 5.65703617797248e+32
31507754.0 8462.818653861774 32096.936241843516 5.6533403762948844e+32
31607754.0 8462.512701048903 32090.027935630776 5.649644574617288e+32
31707754.0 8462.206748236033 32083.11962941804 5.645948772939692e+32
31807754.0 8461.900795423162 32076.2113232053 5.6422529712620954e+32
31907754.0 8461.594842610291 32069.303016992566 5.6385571695844995e+32
32007754.0 8461.28888979742 32062.394710779827 5.634861367906904e+32
32107754.0 8460.98293698455 32055.48640456709 5.631165566229307e+32
32207754.0 8460.67698417168 32048.578098354352 5.627469764551711e+32
32307754.0 8460.371031358809 32041.669792141616 5.6237739628741154e+32
32407754.0 8460.065078545938 32034.761485928877 5.620078161196519e+32
32507754.0 8459.759125733068 32027.85317971614 5.616382359518923e+32
32607754.0 8459.453172920197 32020.944873503402 5.612686557841327e+32
32707754.0 8459.147220107327 32014.036567290666 5.6089907561637305e+32
32807754.0 8458.841267294456 32007.128261077927 5.605294954486135e+32
32907754.0 8458.535314481585 32000.21995486519 5.601599152808538e+32
33007754.0 8458.229361668715 31993.311648652452 5.597903351130942e+32
33107754.0 8457.923408855844 31986.403342439717 5.5942075494533464e+32
33207754.0 8457.617456042974 31979.495036226977 5.59051174777575e+32
33307754.0 8457.311503230103 31972.58673001424 5.586815946098154e+32
33407754.0 8457.005550417232 31965.678423801503 5.5831201444205574e+32
33507754.0 8456.699597604362 31958.770117588767 5.5794243427429615e+32
33607754.0 8456.393644791491 31951.86181137603 5.575728541065366e+32
33707754.0 8456.08769197862 31944.953505163292 5.572032739387769e+32
33807754.0 8455.78173916575 31938.045198950556 5.568336937710173e+32
33907754.0 8455.47578635288 31931.136892737817 5.5646411360325766e+32
34007754.0 8455.169833540009 31924.22858652508 5.560945334354981e+32
34107754.0 8454.863880727138 31917.320280312342 5.557249532677385e+32
34207754.0 8454.557927914268 31910.411974099607 5.553553730999788e+32
34307754.0 8454.251975101397 31903.503667886867 5.5498579293221925e+32
34407754.0 8453.946022288526 31896.59536167413 5.546162127644596e+32
34507754.0 8453.640069475656 31889.687055461392 5.542466325967e+32
34607754.0 8453.334116662785 31882.778749248657 5.538770524289404e+32
34707754.0 8453.028163849915 31875.870443035918 5.5350747226118076e+32
34807754.0 8452.722211037044 31868.962136823182 5.531378920934212e+32
34907754.0 8452.416258224173 31862.053830610443 5.527683119256616e+32
35007754.0 8452.110305411303 31855.145524397707 5.523987317579019e+32
35107754.0 8451.804352598432 31848.237218184968 5.5202915159014235e+32
35207754.0 8451.498399785562 31841.328911972232 5.5165957142238276e+32
35307754.0 8451.192446972691 31834.420605759493 5.512899912546231e+32
35407754.0 8450.88649415982 31827.512299546757 5.509204110868635e+32
35507754.0 8450.58054134695 31820.603993334018 5.5055083091910386e+32
35607754.0 8450.27458853408 31813.695687121282 5.501812507513443e+32
35707754.0 8449.968635721209 31806.787380908543 5.498116705835847e+32
35807754.0 8449.662682908338 31799.879074695808 5.49442090415825e+32
35907754.0 8449.356730095467 31792.97076848307 5.4907251024806545e+32
36007754.0 8449.050777282597 31786.062462270333 5.487029300803058e+32
36107754.0 8448.744824469726 31779.154156057593 5.483333499125462e+32
36207754.0 8448.438871656856 31772.245849844858 5.479637697447866e+32
36307754.0 8448.132918843985 31765.33754363212 5.4759418957702696e+32
36407754.0 8447.826966031114 31758.429237419383 5.472246094092674e+32
36507754.0 8447.521013218244 31751.520931206644 5.468550292415078e+32
36607754.0 8447.215060405373 31744.612624993908 5.464854490737481e+32
36707754.0 8446.909107592503 31737.704318781172 5.4611586890598854e+32
36807754.0 8446.603154779632 31730.796012568433 5.4574628873822896e+32
36907754.0 8446.297201966761 31723.887706355697 5.453767085704693e+32
37007754.0 8445.99124915389 31716.97940014296 5.450071284027097e+32
37107754.0 8445.68529634102 31710.071093930223 5.4463754823495006e+32
37207754.0 8445.37934352815 31703.162787717483 5.442679680671905e+32
37307754.0 8445.073390715279 31696.254481504748 5.438983878994309e+32
37407754.0 8444.767437902408 31689.34617529201 5.435288077316712e+32
37507754.0 8444.461485089538 31682.437869079273 5.4315922756391164e+32
37607754.0 8444.155532276667 31675.529562866534 5.42789647396152e+32
37707754.0 8443.849579463797 31668.621256653798 5.424200672283924e+32
37807754.0 8443.543626650926 31661.71295044106 5.420504870606328e+32
37907754.0 8443.237673838055 31654.804644228323 5.4168090689287316e+32
38007754.0 8442.931721025185 31647.896338015584 5.413113267251136e+32
38107754.0 8442.625768212314 31640.988031802848 5.409417465573539e+32
38207754.0 8442.319815399444 31634.07972559011 5.405721663895943e+32
38307754.0 8442.013862586573 31627.171419377373 5.4020258622183474e+32
38407754.0 8441.707909773702 31620.263113164634 5.398330060540751e+32
38507754.0 8441.401956960832 31613.3548069519 5.394634258863155e+32
38607754.0 8441.096004147961 31606.44650073916 5.390938457185559e+32
38707754.0 8440.79005133509 31599.538194526423 5.3872426555079625e+32
38807754.0 8440.48409852222 31592.629888313684 5.383546853830367e+32
38907754.0 8440.17814570935 31585.72158210095 5.379851052152771e+32
39007754.0 8439.87219289648 31578.81327588821 5.376155250475174e+32
39107754.0 8439.56624008361 31571.904969675474 5.3724594487975784e+32
39207754.0 8439.26028727074 31564.996663462734 5.368763647119982e+32
39307754.0 8438.954334457869 31558.08835725 5.365067845442386e+32
39407754.0 8438.648381644998 31551.180051037263 5.36137204376479e+32
39507754.0 8438.342428832128 31544.271744824524 5.3576762420871935e+32
39607754.0 8438.036476019257 31537.363438611785 5.353980440409598e+32
39707754.0 8437.730523206386 31530.45513239905 5.350284638732001e+32
39807754.0 8437.424570393516 31523.546826186313 5.346588837054405e+32
39907754.0 8437.118617580645 31516.638519973574 5.3428930353768094e+32
40007754.0 8436.812664767775 31509.73021376084 5.339197233699213e+32
40107754.0 8436.506711954904 31502.8219075481 5.335501432021617e+32
40207754.0 8436.200759142033 31495.913601335364 5.33180563034402e+32
40307754.0 8435.894806329163 31489.005295122624 5.3281098286664245e+32
40407754.0 8435.588853516292 31482.09698890989 5.324414026988829e+32
40507754.0 8435.282900703422 31475.18868269715 5.320718225311233e+32
40607754.0 8434.976947890551 31468.280376484414 5.317022423633636e+32
40707754.0 8434.67099507768 31461.372070271675 5.31332662195604e+32
40807754.0 8434.36504226481 31454.46376405894 5.309630820278444e+32
40907754.0 8434.05908945194 31447.5554578462 5.305935018600848e+32
41007754.0 8433.753136639069 31440.647151633464 5.302239216923251e+32
41107754.0 8433.447183826198 31433.738845420725 5.2985434152456555e+32
41207754.0 8433.141231013327 31426.83053920799 5.2948476135680596e+32
41307754.0 8432.835278200457 31419.92223299525 5.291151811890463e+32
41407754.0 8432.529325387586 31413.013926782514 5.287456010212867e+32
41507754.0 8432.223372574716 31406.105620569775 5.283760208535271e+32
41607754.0 8431.917419761845 31399.19731435704 5.280064406857675e+32
41707754.0 8431.611466948974 31392.2890081443 5.276368605180079e+32
41807754.0 8431.305514136104 31385.380701931565 5.272672803502482e+32
41907754.0 8430.999561323233 31378.472395718825 5.2689770018248865e+32
42007754.0 8430.693608510363 31371.56408950609 5.2652812001472906e+32
42107754.0 8430.387655697492 31364.65578329335 5.261585398469694e+32
42207754.0 8430.081702884621 31357.747477080615 5.257889596792098e+32
42307754.0 8429.77575007175 31350.839170867876 5.2541937951145016e+32
42407754.0 8429.46979725888 31343.93086465514 5.250497993436906e+32
42507754.0 8429.16384444601 31337.0225584424 5.24680219175931e+32
42607754.0 8428.857891633139 31330.114252229665 5.243106390081714e+32
42707754.0 8428.551938820268 31323.205946016926 5.2394105884041174e+32
42807754.0 8428.245986007398 31316.29763980419 5.2357147867265216e+32
42907754.0 8427.940033194527 31309.389333591454 5.232018985048925e+32
43007754.0 8427.634080381657 31302.481027378715 5.228323183371329e+32
43107754.0 8427.328127568786 31295.57272116598 5.224627381693733e+32
43207754.0 8427.022174755915 31288.66441495324 5.220931580016137e+32
43307754.0 8426.716221943045 31281.756108740505 5.217235778338541e+32
43407754.0 8426.410269130174 31274.847802527765 5.213539976660944e+32
43507754.0 8426.104316317304 31267.93949631503 5.2098441749833484e+32
43607754.0 8425.798363504433 31261.03119010229 5.2061483733057526e+32
43707754.0 8425.492410691562 31254.122883889555 5.202452571628156e+32
43807754.0 8425.186457878692 31247.214577676816 5.19875676995056e+32
43907754.0 8424.880505065821 31240.30627146408 5.1950609682729636e+32
44007754.0 8424.57455225295 31233.39796525134 5.191365166595368e+32
44107754.0 8424.26859944008 31226.489659038605 5.187669364917772e+32
44207754.0 8423.96264662721 31219.581352825866 5.183973563240176e+32
44307754.0 8423.656693814339 31212.67304661313 5.1802777615625794e+32
44407754.0 8423.350741001468 31205.76474040039 5.176581959884983e+32
44507754.0 8423.044788188598 31198.856434187655 5.172886158207387e+32
44607754.0 8422.738835375727 31191.948127974916 5.169190356529791e+32
44707754.0 8422.432882562856 31185.03982176218 5.1654945548521945e+32
44807754.0 8422.126929749986 31178.13151554944 5.161798753174599e+32
44907754.0 8421.820976937115 31171.223209336706 5.158102951497003e+32
45007754.0 8421.515024124245 31164.314903123966 5.154407149819406e+32
45107754.0 8421.209071311374 31157.40659691123 5.1507113481418104e+32
45207754.0 8420.903118498503 31150.49829069849 5.1470155464642145e+32
45307754.0 8420.597165685633 31143.589984485756 5.143319744786618e+32
45407754.0 8420.291212872762 31136.681678273017 5.139623943109022e+32
45507754.0 8419.985260059892 31129.77337206028 5.1359281414314255e+32
45607754.0 8419.679307247021 31122.865065847545 5.13223233975383e+32
45707754.0 8419.37335443415 31115.956759634806 5.128536538076234e+32
45807754.0 8419.06740162128 31109.048453422067 5.124840736398637e+32
45907754.0 8418.76144880841 31102.14014720933 5.1211449347210414e+32
46007754.0 8418.455495995539 31095.231840996596 5.117449133043445e+32
46107754.0 8418.149543182668 31088.323534783856 5.113753331365849e+32
46207754.0 8417.843590369797 31081.41522857112 5.110057529688253e+32
46307754.0 8417.537637556927 31074.50692235838 5.106361728010657e+32
46407754.0 8417.231684744056 31067.598616145646 5.102665926333061e+32
46507754.0 8416.925731931186 31060.690309932907 5.098970124655465e+32
46607754.0 8416.619779118315 31053.78200372017 5.095274322977868e+32
46707754.0 8416.313826305444 31046.87369750743 5.091578521300272e+32
46807754.0 8416.007873492574 31039.965391294696 5.0878827196226765e+32
46907754.0 8415.701920679703 31033.057085081957 5.08418691794508e+32
47007754.0 8415.395967866833 31026.14877886922 5.080491116267483e+32
47107754.0 8415.090015053962 31019.240472656482 5.0767953145898875e+32
47207754.0 8414.784062241091 31012.332166443746 5.0730995129122916e+32
47307754.0 8414.47810942822 31005.423860231007 5.069403711234696e+32
47407754.0 8414.17215661535 30998.51555401827 5.065707909557099e+32
47507754.0 8413.86620380248 30991.607247805532 5.062012107879503e+32
47607754.0 8413.560250989609 30984.698941592796 5.058316306201907e+32
47707754.0 8413.254298176738 30977.790635380057 5.054620504524311e+32
47807754.0 8412.948345363868 30970.88232916732 5.050924702846715e+32
47907754.0 8412.642392550997 30963.974022954582 5.0472289011691185e+32
48007754.0 8412.336439738127 30957.065716741847 5.0435330994915226e+32
48107754.0 8412.030486925256 30950.157410529107 5.039837297813926e+32
48207754.0 8411.724534112385 30943.24910431637 5.03614149613633e+32
48307754.0 8411.418581299515 30936.340798103633 5.032445694458734e+32
48407754.0 8411.112628486644 30929.432491890897 5.028749892781138e+32
48507754.0 8410.806675673773 30922.524185678158 5.025054091103542e+32
48607754.0 8410.500722860903 30915.615879465422 5.021358289425946e+32
48707754.0 8410.194770048032 30908.707573252686 5.0176624877483495e+32
48807754.0 8409.888817235162 30901.799267039947 5.0139666860707536e+32
48907754.0 8409.582864422291 30894.890960827208 5.010270884393158e+32
49007754.0 8409.27691160942 30887.982654614472 5.006575082715561e+32
49107754.0 8408.97095879655 30881.074348401737 5.002879281037965e+32
49207754.0 8408.66500598368 30874.166042188997 4.999183479360369e+32
49307754.0 8408.359053170809 30867.25773597626 4.995487677682773e+32
49407754.0 8408.053100357938 30860.349429763522 4.991791876005177e+32
49507754.0 8407.747147545067 30853.441123550787 4.9880960743275804e+32
49607754.0 8407.441194732197 30846.532817338048 4.9844002726499846e+32
49707754.0 8407.135241919326 30839.624511125312 4.980704470972388e+32
49807754.0 8406.829289106456 30832.716204912573 4.977008669294792e+32
49907754.0 8406.523336293585 30825.807898699837 4.973312867617196e+32
50007754.0 8406.217383480714 30818.899592487098 4.9696170659396e+32
50107754.0 8405.911430667844 30811.991286274362 4.965921264262004e+32
50207754.0 8405.605477854973 30805.082980061623 4.962225462584407e+32
50307754.0 8405.299525042103 30798.174673848887 4.9585296609068114e+32
50407754.0 8404.993572229232 30791.266367636148 4.9548338592292156e+32
50507754.0 8404.687619416361 30784.358061423412 4.95113805755162e+32
50607754.0 8404.38166660349 30777.449755210673 4.947442255874023e+32
50707754.0 8404.07571379062 30770.541448997938 4.9437464541964265e+32
50807754.0 8403.76976097775 30763.6331427852 4.940050652518831e+32
50907754.0 8403.463808164879 30756.724836572463 4.936354850841235e+32
51007754.0 8403.157855352008 30749.816530359723 4.932659049163639e+32
51107754.0 8402.851902539138 30742.908224146988 4.9289632474860424e+32
51207754.0 8402.545949726267 30735.99991793425 4.9252674458084465e+32
51307754.0 8402.239996913397 30729.091611721513 4.92157164413085e+32
51407754.0 8401.934044100526 30722.183305508774 4.917875842453254e+32
51507754.0 8401.628091287655 30715.274999296038 4.914180040775658e+32
51607754.0 8401.322138474785 30708.3666930833 4.910484239098062e+32
51707754.0 8401.016185661914 30701.458386870563 4.906788437420466e+32
51807754.0 8400.710232849044 30694.550080657827 4.903092635742869e+32
51907754.0 8400.404280036173 30687.64177444509 4.8993968340652734e+32
52007754.0 8400.098327223302 30680.73346823235 4.8957010323876775e+32
52107754.0 8399.792374410432 30673.825162019613 4.892005230710081e+32
52207754.0 8399.486421597561 30666.916855806878 4.888309429032485e+32
52307754.0 8399.18046878469 30660.00854959414 4.884613627354889e+32
52407754.0 8398.87451597182 30653.100243381403 4.880917825677293e+32
52507754.0 8398.56856315895 30646.191937168664 4.877222023999697e+32
52607754.0 8398.262610346079 30639.283630955928 4.873526222322101e+32
52707754.0 8397.956657533208 30632.37532474319 4.8698304206445044e+32
52807754.0 8397.650704720338 30625.467018530453 4.8661346189669085e+32
52907754.0 8397.344751907467 30618.558712317714 4.862438817289312e+32
53007754.0 8397.038799094596 30611.650406104978 4.858743015611716e+32
53107754.0 8396.732846281726 30604.74209989224 4.85504721393412e+32
53207754.0 8396.426893468855 30597.833793679503 4.8513514122565236e+32
53307754.0 8396.120940655985 30590.925487466764 4.847655610578928e+32
53407754.0 8395.814987843114 30584.01718125403 4.843959808901331e+32
53507754.0 8395.509035030243 30577.10887504129 4.840264007223735e+32
53607754.0 8395.203082217373 30570.200568828554 4.8365682055461395e+32
53707754.0 8394.897129404502 30563.292262615814 4.832872403868543e+32
53807754.0 8394.591176591632 30556.38395640308 4.829176602190947e+32
53907754.0 8394.285223778761 30549.47565019034 4.8254808005133505e+32
54007754.0 8393.97927096589 30542.567343977604 4.8217849988357546e+32
54107754.0 8393.67331815302 30535.659037764864 4.818089197158159e+32
54207754.0 8393.36736534015 30528.75073155213 4.814393395480562e+32
54307754.0 8393.061412527279 30521.84242533939 4.810697593802966e+32
54407754.0 8392.755459714408 30514.934119126654 4.80700179212537e+32
54507754.0 8392.449506901537 30508.025812913915 4.803305990447774e+32
54607754.0 8392.143554088667 30501.11750670118 4.799610188770178e+32
54707754.0 8391.837601275796 30494.20920048844 4.795914387092582e+32
54807754.0 8391.531648462926 30487.300894275704 4.7922185854149856e+32
54907754.0 8391.225695650055 30480.39258806297 4.78852278373739e+32
55007754.0 8390.919742837184 30473.48428185023 4.784826982059793e+32
55107754.0 8390.613790024314 30466.57597563749 4.781131180382197e+32
55207754.0 8390.307837211443 30459.667669424754 4.7774353787046015e+32
55307754.0 8390.001884398573 30452.75936321202 4.773739577027005e+32
55407754.0 8389.695931585702 30445.85105699928 4.770043775349409e+32
55507754.0 8389.389978772831 30438.942750786544 4.7663479736718124e+32
55607754.0 8389.08402595996 30432.034444573805 4.7626521719942166e+32
55707754.0 8388.77807314709 30425.12613836107 4.758956370316621e+32
55807754.0 8388.47212033422 30418.21783214833 4.755260568639024e+32
55907754.0 8388.166167521349 30411.309525935594 4.751564766961428e+32
56007754.0 8387.860214708478 30404.401219722855 4.747868965283832e+32
56107754.0 8387.554261895608 30397.49291351012 4.744173163606236e+32
56207754.0 8387.248309082737 30390.58460729738 4.74047736192864e+32
56307754.0 8386.942356269867 30383.676301084644 4.736781560251044e+32
56407754.0 8386.636403456996 30376.767994871905 4.7330857585734476e+32
56507754.0 8386.330450644125 30369.85968865917 4.729389956895851e+32
56607754.0 8386.024497831255 30362.95138244643 4.725694155218255e+32
56707754.0 8385.718545018384 30356.043076233695 4.721998353540659e+32
56807754.0 8385.412592205514 30349.134770020955 4.7183025518630634e+32
56907754.0 8385.106639392643 30342.22646380822 4.714606750185467e+32
57007754.0 8384.800686579772 30335.31815759548 4.710910948507871e+32
57107754.0 8384.494733766902 30328.409851382745 4.7072151468302744e+32
57207754.0 8384.188780954031 30321.501545170006 4.7035193451526785e+32
57307754.0 8383.88282814116 30314.59323895727 4.699823543475083e+32
57407754.0 8383.57687532829 30307.68493274453 4.696127741797486e+32
57507754.0 8383.27092251542 30300.776626531795 4.69243194011989e+32
57607754.0 8382.964969702549 30293.86832031906 4.688736138442294e+32
57707754.0 8382.659016889678 30286.96001410632 4.685040336764698e+32
57807754.0 8382.353064076808 30280.05170789358 4.681344535087102e+32
57907754.0 8382.047111263937 30273.143401680845 4.6776487334095054e+32
58007754.0 8381.741158451066 30266.23509546811 4.6739529317319095e+32
58107754.0 8381.435205638196 30259.32678925537 4.670257130054313e+32
58207754.0 8381.129252825325 30252.41848304263 4.666561328376717e+32
58307754.0 8380.823300012455 30245.510176829895 4.662865526699121e+32
58407754.0 8380.517347199584 30238.60187061716 4.6591697250215254e+32
58507754.0 8380.211394386713 30231.69356440442 4.655473923343929e+32
58607754.0 8379.905441573843 30224.785258191685 4.651778121666333e+32
58707754.0 8379.599488760972 30217.876951978946 4.6480823199887364e+32
58807754.0 8379.293535948102 30210.96864576621 4.6443865183111405e+32
58907754.0 8378.987583135231 30204.06033955347 4.640690716633545e+32
59007754.0 8378.68163032236 30197.152033340735 4.636994914955948e+32
59107754.0 8378.37567750949 30190.243727127996 4.633299113278352e+32
59207754.0 8378.06972469662 30183.33542091526 4.629603311600756e+32
59307754.0 8377.763771883749 30176.42711470252 4.62590750992316e+32
59407754.0 8377.457819070878 30169.518808489785 4.622211708245564e+32
59507754.0 8377.151866258007 30162.610502277046 4.618515906567967e+32
59607754.0 8376.845913445137 30155.70219606431 4.6148201048903715e+32
59707754.0 8376.539960632266 30148.79388985157 4.611124303212775e+32
59807754.0 8376.234007819396 30141.885583638836 4.607428501535179e+32
59907754.0 8375.928055006525 30134.977277426096 4.603732699857583e+32
60007754.0 8375.622102193654 30128.06897121336 4.6000368981799866e+32
60107754.0 8375.316149380784 30121.16066500062 4.596341096502391e+32
60207754.0 8375.010196567913 30114.252358787886 4.592645294824794e+32
60307754.0 8374.704243755043 30107.344052575147 4.588949493147198e+32
60407754.0 8374.398290942172 30100.43574636241 4.5852536914696025e+32
60507754.0 8374.092338129301 30093.52744014967 4.5815578897920066e+32
60607754.0 8373.78638531643 30086.619133936936 4.57786208811441e+32
60707754.0 8373.48043250356 30079.7108277242 4.574166286436814e+32
60807754.0 8373.17447969069 30072.80252151146 4.5704704847592176e+32
60907754.0 8372.868526877819 30065.894215298722 4.566774683081622e+32
61007754.0 8372.562574064948 30058.985909085986 4.563078881404026e+32
61107754.0 8372.256621252078 30052.07760287325 4.559383079726429e+32
61207754.0 8371.950668439207 30045.16929666051 4.5556872780488335e+32
61307754.0 8371.644715626337 30038.260990447772 4.551991476371237e+32
61407754.0 8371.338762813466 30031.352684235037 4.548295674693641e+32
61507754.0 8371.032810000595 30024.4443780223 4.544599873016045e+32
61607754.0 8370.726857187725 30017.53607180956 4.5409040713384486e+32
61707754.0 8370.420904374854 30010.627765596826 4.537208269660853e+32
61807754.0 8370.114951561984 30003.719459384087 4.533512467983256e+32
61907754.0 8369.808998749113 29996.81115317135 4.52981666630566e+32
62007754.0 8369.503045936242 29989.902846958612 4.5261208646280644e+32
62107754.0 8369.197093123372 29982.994540745876 4.5224250629504686e+32
62207754.0 8368.891140310501 29976.086234533137 4.518729261272872e+32
62307754.0 8368.58518749763 29969.1779283204 4.5150334595952754e+32
62407754.0 8368.27923468476 29962.269622107662 4.5113376579176796e+32
62507754.0 8367.97328187189 29955.361315894927 4.507641856240084e+32
62607754.0 8367.667329059019 29948.453009682187 4.503946054562488e+32
62707754.0 8367.361376246148 29941.54470346945 4.500250252884891e+32
62807754.0 8367.055423433278 29934.636397256712 4.4965544512072954e+32
62907754.0 8366.749470620407 29927.728091043977 4.492858649529699e+32
63007754.0 8366.443517807536 29920.819784831237 4.489162847852103e+32
63107754.0 8366.137564994666 29913.911478618502 4.4854670461745064e+32
63207754.0 8365.831612181795 29907.003172405763 4.4817712444969106e+32
63307754.0 8365.525659368925 29900.094866193027 4.478075442819315e+32
63407754.0 8365.219706556054 29893.186559980288 4.474379641141718e+32
63507754.0 8364.913753743183 29886.278253767552 4.470683839464122e+32
63607754.0 8364.607800930313 29879.369947554813 4.4669880377865264e+32
63707754.0 8364.301848117442 29872.461641342077 4.46329223610893e+32
63807754.0 8363.995895304572 29865.553335129338 4.459596434431334e+32
63907754.0 8363.689942491701 29858.645028916602 4.4559006327537374e+32
64007754.0 8363.38398967883 29851.736722703863 4.4522048310761415e+32
64107754.0 8363.07803686596 29844.828416491127 4.448509029398546e+32
64207754.0 8362.77208405309 29837.92011027839 4.44481322772095e+32
64307754.0 8362.466131240219 29831.011804065653 4.441117426043353e+32
64407754.0 8362.160178427348 29824.103497852913 4.4374216243657574e+32
64507754.0 8361.854225614477 29817.195191640178 4.433725822688161e+32
64607754.0 8361.548272801607 29810.286885427442 4.430030021010565e+32
64707754.0 8361.242319988736 29803.378579214703 4.426334219332969e+32
64807754.0 8360.936367175866 29796.470273001967 4.4226384176553725e+32
64907754.0 8360.630414362995 29789.561966789228 4.418942615977777e+32
65007754.0 8360.324461550124 29782.653660576492 4.41524681430018e+32
65107754.0 8360.018508737254 29775.745354363753 4.411551012622584e+32
65207754.0 8359.712555924383 29768.837048151017 4.4078552109449884e+32
65307754.0 8359.406603111513 29761.928741938278 4.404159409267392e+32
65407754.0 8359.100650298642 29755.020435725542 4.400463607589795e+32
65507754.0 8358.794697485771 29748.112129512803 4.396767805912199e+32
65607754.0 8358.4887446729 29741.203823300068 4.3930720042346035e+32
65707754.0 8358.18279186003 29734.29551708733 4.389376202557008e+32
65807754.0 8357.87683904716 29727.387210874593 4.385680400879412e+32
65907754.0 8357.570886234289 29720.478904661853 4.381984599201815e+32
66007754.0 8357.264933421418 29713.570598449118 4.3782887975242186e+32
66107754.0 8356.958980608548 29706.66229223638 4.374592995846623e+32
66207754.0 8356.653027795677 29699.753986023643 4.370897194169027e+32
66307754.0 8356.347074982807 29692.845679810904 4.367201392491431e+32
66407754.0 8356.041122169936 29685.937373598168 4.3635055908138345e+32
66507754.0 8355.735169357065 29679.02906738543 4.359809789136238e+32
66607754.0 8355.429216544195 29672.120761172693 4.356113987458642e+32
66707754.0 8355.123263731324 29665.212454959954 4.352418185781046e+32
66807754.0 8354.817310918454 29658.30414874722 4.34872238410345e+32
66907754.0 8354.511358105583 29651.395842534483 4.345026582425854e+32
67007754.0 8354.205405292712 29644.487536321743 4.341330780748258e+32
67107754.0 8353.899452479842 29637.579230109004 4.337634979070661e+32
67207754.0 8353.593499666971 29630.67092389627 4.3339391773930655e+32
67307754.0 8353.2875468541 29623.762617683533 4.3302433757154696e+32
67407754.0 8352.98159404123 29616.854311470794 4.326547574037874e+32
67507754.0 8352.67564122836 29609.946005258054 4.3228517723602765e+32
67607754.0 8352.369688415489 29603.03769904532 4.3191559706826806e+32
67707754.0 8352.063735602618 29596.129392832583 4.315460169005085e+32
67807754.0 8351.757782789748 29589.221086619844 4.311764367327489e+32
67907754.0 8351.451829976877 29582.31278040711 4.308068565649893e+32
68007754.0 8351.145877164006 29575.40447419437 4.3043727639722964e+32
68107754.0 8350.839924351136 29568.496167981633 4.3006769622947e+32
68207754.0 8350.533971538265 29561.587861768894 4.296981160617104e+32
68307754.0 8350.228018725395 29554.67955555616 4.293285358939508e+32
68407754.0 8349.922065912524 29547.77124934342 4.2895895572619116e+32
68507754.0 8349.616113099653 29540.862943130684 4.285893755584316e+32
68607754.0 8349.310160286783 29533.954636917944 4.28219795390672e+32
68707754.0 8349.004207473912 29527.04633070521 4.278502152229123e+32
68807754.0 8348.698254661042 29520.13802449247 4.2748063505515274e+32
68907754.0 8348.392301848171 29513.229718279734 4.2711105488739316e+32
69007754.0 8348.0863490353 29506.321412066995 4.267414747196335e+32
69107754.0 8347.78039622243 29499.41310585426 4.2637189455187384e+32
69207754.0 8347.47444340956 29492.50479964152 4.2600231438411426e+32
69307754.0 8347.168490596689 29485.596493428784 4.256327342163547e+32
69407754.0 8346.862537783818 29478.688187216045 4.252631540485951e+32
69507754.0 8346.556584970947 29471.77988100331 4.248935738808355e+32
69607754.0 8346.250632158077 29464.87157479057 4.245239937130758e+32
69707754.0 8345.944679345206 29457.963268577834 4.241544135453162e+32
69807754.0 8345.638726532336 29451.054962365095 4.237848333775566e+32
69907754.0 8345.332773719465 29444.14665615236 4.23415253209797e+32
70007754.0 8345.026820906594 29437.238349939624 4.230456730420374e+32
70107754.0 8344.720868093724 29430.330043726884 4.226760928742778e+32
70207754.0 8344.414915280853 29423.421737514145 4.223065127065181e+32
70307754.0 8344.108962467983 29416.51343130141 4.219369325387585e+32
70407754.0 8343.803009655112 29409.605125088674 4.2156735237099894e+32
70507754.0 8343.497056842241 29402.696818875935 4.2119777220323935e+32
70607754.0 8343.19110402937 29395.788512663195 4.208281920354797e+32
70707754.0 8342.8851512165 29388.88020645046 4.204586118677201e+32
70807754.0 8342.57919840363 29381.971900237724 4.2008903169996045e+32
70907754.0 8342.273245590759 29375.063594024985 4.197194515322009e+32
71007754.0 8341.967292777888 29368.15528781225 4.193498713644413e+32
71107754.0 8341.661339965018 29361.24698159951 4.189802911966816e+32
71207754.0 8341.355387152147 29354.338675386774 4.18610711028922e+32
71307754.0 8341.049434339277 29347.430369174035 4.182411308611624e+32
71407754.0 8340.743481526406 29340.5220629613 4.178715506934028e+32
71507754.0 8340.437528713535 29333.61375674856 4.175019705256432e+32
71607754.0 8340.131575900665 29326.705450535825 4.171323903578836e+32
71707754.0 8339.825623087794 29319.797144323085 4.16762810190124e+32
71807754.0 8339.519670274924 29312.88883811035 4.163932300223643e+32
71907754.0 8339.213717462053 29305.98053189761 4.160236498546047e+32
72007754.0 8338.907764649182 29299.072225684875 4.156540696868451e+32
72107754.0 8338.601811836312 29292.163919472136 4.152844895190855e+32
72207754.0 8338.295859023441 29285.2556132594 4.149149093513259e+32
72307754.0 8337.98990621057 29278.34730704666 4.145453291835663e+32
72407754.0 8337.6839533977 29271.439000833925 4.1417574901580665e+32
72507754.0 8337.37800058483 29264.530694621186 4.1380616884804706e+32
72607754.0 8337.072047771959 29257.62238840845 4.134365886802875e+32
72707754.0 8336.766094959088 29250.71408219571 4.130670085125278e+32
72807754.0 8336.460142146218 29243.805775982975 4.1269742834476816e+32
72907754.0 8336.154189333347 29236.897469770236 4.123278481770086e+32
73007754.0 8335.848236520476 29229.9891635575 4.11958268009249e+32
73107754.0 8335.542283707606 29223.08085734476 4.115886878414894e+32
73207754.0 8335.236330894735 29216.172551132026 4.112191076737298e+32
73307754.0 8334.930378081865 29209.264244919286 4.108495275059701e+32
73407754.0 8334.624425268994 29202.35593870655 4.104799473382105e+32
73507754.0 8334.318472456123 29195.447632493815 4.101103671704509e+32
73607754.0 8334.012519643253 29188.539326281076 4.097407870026913e+32
73707754.0 8333.706566830382 29181.63102006834 4.0937120683493175e+32
73807754.0 8333.400614017512 29174.7227138556 4.090016266671721e+32
73907754.0 8333.094661204641 29167.814407642865 4.086320464994124e+32
74007754.0 8332.78870839177 29160.906101430126 4.0826246633165285e+32
74107754.0 8332.4827555789 29153.99779521739 4.0789288616389326e+32
74207754.0 8332.17680276603 29147.08948900465 4.075233059961336e+32
74307754.0 8331.87084995316 29140.181182791915 4.07153725828374e+32
74407754.0 8331.564897140288 29133.272876579176 4.0678414566061436e+32
74507754.0 8331.25894432742 29126.36457036644 4.064145654928548e+32
74607754.0 8330.952991514547 29119.4562641537 4.060449853250952e+32
74707754.0 8330.647038701678 29112.547957940966 4.056754051573356e+32
74807754.0 8330.341085888807 29105.639651728226 4.0530582498957594e+32
74907754.0 8330.035133075937 29098.73134551549 4.049362448218163e+32
75007754.0 8329.729180263066 29091.82303930275 4.045666646540567e+32
75107754.0 8329.423227450196 29084.914733090016 4.041970844862971e+32
75207754.0 8329.117274637325 29078.006426877277 4.038275043185375e+32
75307754.0 8328.811321824454 29071.09812066454 4.0345792415077794e+32
75407754.0 8328.505369011584 29064.1898144518 4.030883439830182e+32
75507754.0 8328.199416198713 29057.281508239066 4.027187638152586e+32
75607754.0 8327.893463385843 29050.373202026327 4.0234918364749904e+32
75707754.0 8327.587510572972 29043.46489581359 4.0197960347973946e+32
75807754.0 8327.281557760101 29036.556589600852 4.016100233119798e+32
75907754.0 8326.97560494723 29029.648283388116 4.012404431442202e+32
76007754.0 8326.66965213436 29022.739977175377 4.0087086297646055e+32
76107754.0 8326.36369932149 29015.83167096264 4.00501282808701e+32
76207754.0 8326.057746508619 29008.923364749906 4.001317026409414e+32
76307754.0 8325.751793695748 29002.015058537167 3.997621224731818e+32
76407754.0 8325.445840882878 28995.106752324427 3.9939254230542214e+32
76507754.0 8325.139888070007 28988.19844611169 3.990229621376625e+32
76607754.0 8324.833935257137 28981.290139898956 3.986533819699029e+32
76707754.0 8324.527982444266 28974.381833686217 3.982838018021433e+32
76807754.0 8324.222029631395 28967.473527473478 3.979142216343837e+32
76907754.0 8323.916076818525 28960.565221260742 3.9754464146662414e+32
77007754.0 8323.610124005654 28953.656915048006 3.971750612988644e+32
77107754.0 8323.304171192784 28946.748608835267 3.968054811311048e+32
77207754.0 8322.998218379913 28939.840302622528 3.9643590096334524e+32
77307754.0 8322.692265567042 28932.931996409792 3.9606632079558565e+32
77407754.0 8322.386312754172 28926.023690197057 3.95696740627826e+32
77507754.0 8322.080359941301 28919.115383984317 3.953271604600664e+32
77607754.0 8321.77440712843 28912.20707777158 3.9495758029230675e+32
77707754.0 8321.46845431556 28905.298771558842 3.945880001245472e+32
77807754.0 8321.16250150269 28898.390465346107 3.942184199567876e+32
77907754.0 8320.856548689819 28891.482159133368 3.938488397890279e+32
78007754.0 8320.550595876948 28884.573852920632 3.9347925962126834e+32
78107754.0 8320.244643064078 28877.665546707893 3.931096794535087e+32
78207754.0 8319.938690251207 28870.757240495157 3.927400992857491e+32
78307754.0 8319.632737438336 28863.848934282418 3.923705191179895e+32
78407754.0 8319.326784625466 28856.940628069682 3.920009389502299e+32
78507754.0 8319.020831812595 28850.032321856943 3.9163135878247026e+32
78607754.0 8318.714878999725 28843.124015644207 3.912617786147106e+32
78707754.0 8318.408926186854 28836.215709431468 3.90892198446951e+32
78807754.0 8318.102973373983 28829.307403218732 3.905226182791914e+32
78907754.0 8317.797020561113 28822.399097005993 3.9015303811143185e+32
79007754.0 8317.491067748242 28815.490790793257 3.8978345794367226e+32
79107754.0 8317.185114935372 28808.58248458052 3.894138777759125e+32
79207754.0 8316.879162122501 28801.674178367783 3.8904429760815295e+32
79307754.0 8316.57320930963 28794.765872155043 3.8867471744039336e+32
79407754.0 8316.26725649676 28787.857565942308 3.883051372726338e+32
79507754.0 8315.96130368389 28780.94925972957 3.879355571048741e+32
79607754.0 8315.655350871019 28774.040953516833 3.875659769371145e+32
79707754.0 8315.349398058148 28767.132647304097 3.871963967693549e+32
79807754.0 8315.043445245277 28760.224341091358 3.868268166015953e+32
79907754.0 8314.737492432407 28753.316034878622 3.864572364338357e+32
80007754.0 8314.431539619536 28746.407728665883 3.8608765626607605e+32
80107754.0 8314.125586806666 28739.499422453147 3.8571807609831646e+32
80207754.0 8313.819633993795 28732.591116240408 3.853484959305568e+32
80307754.0 8313.513681180924 28725.682810027673 3.849789157627972e+32
80407754.0 8313.207728368054 28718.774503814933 3.846093355950376e+32
80507754.0 8312.901775555183 28711.866197602198 3.8423975542727805e+32
80607754.0 8312.595822742313 28704.95789138946 3.838701752595184e+32
80707754.0 8312.289869929442 28698.049585176723 3.835005950917587e+32
80807754.0 8311.983917116571 28691.141278963983 3.8313101492399914e+32
80907754.0 8311.6779643037 28684.232972751248 3.8276143475623956e+32
81007754.0 8311.37201149083 28677.32466653851 3.8239185458848e+32
81107754.0 8311.06605867796 28670.416360325773 3.820222744207203e+32
81207754.0 8310.760105865089 28663.508054113034 3.816526942529607e+32
81307754.0 8310.454153052218 28656.599747900298 3.812831140852011e+32
81407754.0 8310.148200239348 28649.69144168756 3.809135339174415e+32
81507754.0 8309.842247426477 28642.783135474823 3.805439537496819e+32
81607754.0 8309.536294613607 28635.874829262084 3.8017437358192224e+32
81707754.0 8309.230341800736 28628.96652304935 3.7980479341416266e+32
81807754.0 8308.924388987865 28622.05821683661 3.79435213246403e+32
81907754.0 8308.618436174995 28615.149910623873 3.790656330786434e+32
82007754.0 8308.312483362124 28608.241604411138 3.786960529108838e+32
82107754.0 8308.006530549254 28601.3332981984 3.7832647274312424e+32
82207754.0 8307.700577736383 28594.42499198566 3.779568925753646e+32
82307754.0 8307.394624923512 28587.516685772924 3.775873124076049e+32
82407754.0 8307.088672110642 28580.608379560188 3.7721773223984534e+32
82507754.0 8306.782719297771 28573.70007334745 3.7684815207208576e+32
82607754.0 8306.4767664849 28566.79176713471 3.764785719043262e+32
82707754.0 8306.17081367203 28559.883460921974 3.761089917365666e+32
82807754.0 8305.86486085916 28552.97515470924 3.7573941156880685e+32
82907754.0 8305.558908046289 28546.0668484965 3.753698314010473e+32
83007754.0 8305.252955233418 28539.15854228376 3.750002512332877e+32
83107754.0 8304.947002420548 28532.250236071024 3.746306710655281e+32
83207754.0 8304.641049607677 28525.34192985829 3.7426109089776844e+32
83307754.0 8304.335096794806 28518.43362364555 3.7389151073000885e+32
83407754.0 8304.029143981936 28511.52531743281 3.735219305622492e+32
83507754.0 8303.723191169065 28504.617011220074 3.731523503944896e+32
83607754.0 8303.417238356195 28497.70870500734 3.7278277022673e+32
83707754.0 8303.111285543324 28490.8003987946 3.724131900589704e+32
83807754.0 8302.805332730453 28483.892092581864 3.720436098912108e+32
83907754.0 8302.499379917583 28476.983786369125 3.716740297234511e+32
84007754.0 8302.193427104712 28470.07548015639 3.7130444955569154e+32
84107754.0 8301.887474291841 28463.16717394365 3.7093486938793195e+32
84207754.0 8301.58152147897 28456.258867730914 3.705652892201724e+32
84307754.0 8301.2755686661 28449.350561518175 3.701957090524127e+32
84407754.0 8300.96961585323 28442.44225530544 3.6982612888465305e+32
84507754.0 8300.66366304036 28435.5339490927 3.694565487168935e+32
84607754.0 8300.357710227488 28428.625642879964 3.690869685491339e+32
84707754.0 8300.051757414618 28421.717336667225 3.687173883813743e+32
84807754.0 8299.745804601747 28414.80903045449 3.683478082136146e+32
84907754.0 8299.439851788877 28407.90072424175 3.67978228045855e+32
85007754.0 8299.133898976006 28400.992418029015 3.676086478780954e+32
85107754.0 8298.827946163135 28394.08411181628 3.672390677103358e+32
85207754.0 8298.521993350265 28387.17580560354 3.668694875425762e+32
85307754.0 8298.216040537394 28380.2674993908 3.6649990737481656e+32
85407754.0 8297.910087724524 28373.359193178065 3.66130327207057e+32
85507754.0 8297.604134911653 28366.45088696533 3.657607470392973e+32
85607754.0 8297.298182098782 28359.54258075259 3.653911668715377e+32
85707754.0 8296.992229285912 28352.63427453985 3.6502158670377815e+32
85807754.0 8296.686276473041 28345.725968327115 3.6465200653601856e+32
85907754.0 8296.38032366017 28338.81766211438 3.642824263682589e+32
86007754.0 8296.0743708473 28331.90935590164 3.6391284620049925e+32
86107754.0 8295.76841803443 28325.0010496889 3.6354326603273966e+32
86207754.0 8295.462465221559 28318.092743476165 3.631736858649801e+32
86307754.0 8295.156512408688 28311.18443726343 3.628041056972205e+32
86407754.0 8294.850559595818 28304.27613105069 3.624345255294608e+32
86507754.0 8294.544606782947 28297.36782483795 3.620649453617012e+32
86607754.0 8294.238653970076 28290.459518625215 3.616953651939416e+32
86707754.0 8293.932701157206 28283.55121241248 3.61325785026182e+32
86807754.0 8293.626748344335 28276.64290619974 3.609562048584224e+32
86907754.0 8293.320795531465 28269.734599987005 3.6058662469066276e+32
87007754.0 8293.014842718594 28262.826293774266 3.602170445229032e+32
87107754.0 8292.708889905723 28255.91798756153 3.598474643551435e+32
87207754.0 8292.402937092853 28249.00968134879 3.594778841873839e+32
87307754.0 8292.096984279982 28242.101375136055 3.5910830401962434e+32
87407754.0 8291.791031467112 28235.193068923316 3.587387238518647e+32
87507754.0 8291.485078654241 28228.28476271058 3.583691436841051e+32
87607754.0 8291.17912584137 28221.37645649784 3.5799956351634544e+32
87707754.0 8290.8731730285 28214.468150285105 3.5762998334858586e+32
87807754.0 8290.56722021563 28207.559844072366 3.572604031808263e+32
87907754.0 8290.261267402759 28200.65153785963 3.568908230130667e+32
88007754.0 8289.955314589888 28193.74323164689 3.56521242845307e+32
88107754.0 8289.649361777017 28186.834925434156 3.561516626775474e+32
88207754.0 8289.343408964147 28179.92661922142 3.557820825097878e+32
88307754.0 8289.037456151276 28173.01831300868 3.554125023420282e+32
88407754.0 8288.731503338406 28166.11000679594 3.550429221742686e+32
88507754.0 8288.425550525535 28159.201700583206 3.5467334200650896e+32
88607754.0 8288.119597712664 28152.29339437047 3.543037618387493e+32
88707754.0 8287.813644899794 28145.38508815773 3.539341816709897e+32
88807754.0 8287.507692086923 28138.47678194499 3.535646015032301e+32
88907754.0 8287.201739274053 28131.568475732256 3.5319502133547054e+32
89007754.0 8286.895786461182 28124.66016951952 3.528254411677109e+32
89107754.0 8286.589833648311 28117.75186330678 3.524558609999513e+32
89207754.0 8286.28388083544 28110.843557094042 3.5208628083219164e+32
89307754.0 8285.97792802257 28103.935250881306 3.5171670066443205e+32
89407754.0 8285.6719752097 28097.02694466857 3.513471204966725e+32
89507754.0 8285.366022396829 28090.11863845583 3.509775403289128e+32
89607754.0 8285.060069583958 28083.210332243096 3.506079601611532e+32
89707754.0 8284.754116771088 28076.302026030357 3.502383799933936e+32
89807754.0 8284.448163958217 28069.39371981762 3.49868799825634e+32
89907754.0 8284.142211145347 28062.48541360488 3.494992196578744e+32
90007754.0 8283.836258332476 28055.577107392146 3.491296394901148e+32
90107754.0 8283.530305519605 28048.668801179407 3.4876005932235515e+32
90207754.0 8283.224352706735 28041.76049496667 3.483904791545955e+32
90307754.0 8282.918399893864 28034.852188753932 3.480208989868359e+32
90407754.0 8282.612447080994 28027.943882541196 3.476513188190763e+32
90507754.0 8282.306494268123 28021.035576328457 3.4728173865131674e+32
90607754.0 8282.000541455252 28014.12727011572 3.469121584835571e+32
90707754.0 8281.694588642382 28007.218963902982 3.465425783157974e+32
90807754.0 8281.388635829511 28000.310657690246 3.4617299814803784e+32
90907754.0 8281.08268301664 27993.402351477507 3.4580341798027825e+32
91007754.0 8280.77673020377 27986.49404526477 3.454338378125187e+32
91107754.0 8280.4707773909 27979.585739052032 3.45064257644759e+32
91207754.0 8280.164824578029 27972.677432839297 3.446946774769994e+32
91307754.0 8279.858871765158 27965.769126626557 3.4432509730923976e+32
91407754.0 8279.552918952288 27958.86082041382 3.439555171414802e+32
91507754.0 8279.246966139417 27951.952514201083 3.435859369737206e+32
91607754.0 8278.941013326546 27945.044207988347 3.43216356805961e+32
91707754.0 8278.635060513676 27938.13590177561 3.428467766382013e+32
91807754.0 8278.329107700805 27931.227595562872 3.424771964704417e+32
91907754.0 8278.023154887935 27924.319289350133 3.421076163026821e+32
92007754.0 8277.717202075064 27917.410983137397 3.417380361349225e+32
92107754.0 8277.411249262193 27910.50267692466 3.413684559671629e+32
92207754.0 8277.105296449323 27903.594370711922 3.409988757994033e+32
92307754.0 8276.799343636452 27896.686064499183 3.406292956316436e+32
92407754.0 8276.493390823582 27889.777758286447 3.40259715463884e+32
92507754.0 8276.187438010711 27882.86945207371 3.3989013529612445e+32
92607754.0 8275.88148519784 27875.961145860972 3.3952055512836486e+32
92707754.0 8275.57553238497 27869.052839648233 3.391509749606052e+32
92807754.0 8275.2695795721 27862.144533435498 3.387813947928456e+32
92907754.0 8274.963626759229 27855.236227222762 3.3841181462508596e+32
93007754.0 8274.657673946358 27848.327921010023 3.380422344573264e+32
93107754.0 8274.351721133487 27841.419614797287 3.376726542895668e+32
93207754.0 8274.045768320617 27834.511308584548 3.373030741218071e+32
93307754.0 8273.739815507746 27827.603002371812 3.3693349395404755e+32
93407754.0 8273.433862694876 27820.694696159073 3.365639137862879e+32
93507754.0 8273.127909882005 27813.786389946337 3.361943336185283e+32
93607754.0 8272.821957069134 27806.878083733598 3.358247534507687e+32
93707754.0 8272.516004256264 27799.969777520862 3.354551732830091e+32
93807754.0 8272.210051443393 27793.061471308123 3.350855931152494e+32
93907754.0 8271.904098630523 27786.153165095388 3.347160129474898e+32
94007754.0 8271.598145817652 27779.244858882652 3.343464327797302e+32
94107754.0 8271.292193004781 27772.336552669913 3.3397685261197064e+32
94207754.0 8270.98624019191 27765.428246457173 3.3360727244421106e+32
94307754.0 8270.68028737904 27758.519940244438 3.332376922764514e+32
94407754.0 8270.37433456617 27751.611634031702 3.3286811210869174e+32
94507754.0 8270.068381753299 27744.703327818963 3.3249853194093216e+32
94607754.0 8269.762428940428 27737.795021606224 3.321289517731726e+32
94707754.0 8269.456476127558 27730.886715393488 3.31759371605413e+32
94807754.0 8269.150523314687 27723.978409180752 3.313897914376533e+32
94907754.0 8268.844570501817 27717.070102968013 3.3102021126989374e+32
95007754.0 8268.538617688946 27710.161796755274 3.306506311021341e+32
95107754.0 8268.232664876075 27703.25349054254 3.302810509343745e+32
95207754.0 8267.982300833972 27697.41302041169 3.29979718636803e+32
95307754.0 8267.908412689914 27694.962575440866 3.298950506765584e+32
95407754.0 8267.834524545855 27692.512130470044 3.2981038271631384e+32
95507754.0 8267.760636401797 27690.06168549922 3.297257147560692e+32
95607754.0 8267.686748257738 27687.611240528397 3.296410467958246e+32
95707754.0 8267.61286011368 27685.160795557575 3.2955637883558e+32
95807754.0 8267.538971969623 27682.71035058675 3.294717108753354e+32
95907754.0 8267.465083825564 27680.259905615927 3.293870429150908e+32
96007754.0 8267.391195681506 27677.809460645105 3.293023749548462e+32
96107754.0 8267.317307537447 27675.35901567428 3.292177069946016e+32
96207754.0 8267.24341939339 27672.908570703457 3.291330390343569e+32
96307754.0 8267.16953124933 27670.458125732635 3.290483710741123e+32
96407754.0 8267.095643105273 27668.007680761813 3.289637031138677e+32
96507754.0 8267.021754961213 27665.557235790988 3.288790351536231e+32
96607754.0 8266.947866817156 27663.106790820166 3.287943671933785e+32
96707754.0 8266.873978673097 27660.656345849344 3.287096992331339e+32
96807754.0 8266.80009052904 27658.205900878518 3.2862503127288925e+32
96907754.0 8266.726202384982 27655.755455907696 3.2854036331264465e+32
97007754.0 8266.652314240922 27653.305010936874 3.2845569535240005e+32
97107754.0 8266.578426096865 27650.85456596605 3.2837102739215546e+32
97207754.0 8266.504537952806 27648.404120995227 3.2828635943191086e+32
97307754.0 8266.430649808748 27645.953676024405 3.2820169147166626e+32
97407754.0 8266.356761664689 27643.50323105358 3.2811702351142166e+32
97507754.0 8266.282873520631 27641.052786082757 3.28032355551177e+32
97607754.0 8266.208985376572 27638.602341111935 3.279476875909324e+32
97707754.0 8266.135097232514 27636.151896141113 3.278630196306878e+32
97807754.0 8266.061209088455 27633.701451170287 3.277783516704432e+32
97907754.0 8265.987320944398 27631.251006199465 3.276936837101986e+32
98007754.0 8265.913432800338 27628.800561228643 3.27609015749954e+32
98107754.0 8265.83954465628 27626.350116257818 3.275243477897093e+32
98207754.0 8265.765656512223 27623.899671286996 3.274396798294647e+32
98307754.0 8265.691768368164 27621.449226316174 3.2735501186922014e+32
98407754.0 8265.617880224107 27618.998781345348 3.2727034390897554e+32
98507754.0 8265.543992080047 27616.548336374526 3.2718567594873094e+32
98607754.0 8265.47010393599 27614.097891403704 3.2710100798848634e+32
98707754.0 8265.39621579193 27611.64744643288 3.2701634002824175e+32
98807754.0 8265.322327647873 27609.197001462057 3.269316720679971e+32
98907754.0 8265.248439503814 27606.746556491235 3.268470041077525e+32
99007754.0 8265.174551359756 27604.296111520413 3.267623361475079e+32
99107754.0 8265.100663215697 27601.845666549587 3.266776681872633e+32
99207754.0 8265.02677507164 27599.395221578765 3.265930002270187e+32
99307754.0 8264.952886927582 27596.944776607943 3.265083322667741e+32
99407754.0 8264.878998783523 27594.494331637117 3.264236643065294e+32
99507754.0 8264.805110639465 27592.043886666295 3.263389963462848e+32
99607754.0 8264.731222495406 27589.593441695473 3.262543283860402e+32
99707754.0 8264.657334351348 27587.142996724648 3.261696604257956e+32
99807754.0 8264.583446207289 27584.692551753826 3.26084992465551e+32
99907754.0 8264.509558063231 27582.242106783004 3.260003245053064e+32
100007754.0 8264.435669919172 27579.79166181218 3.2591565654506176e+32
100107754.0 8264.361781775115 27577.341216841356 3.2583098858481716e+32
100207754.0 8264.287893631055 27574.890771870534 3.2574632062457256e+32
