54552 17769.0 157145.0 1.77e+36
64552.0 16865.743295019158 164374.88505747126 1.6646360153256704e+36
74552.0 16039.213077790304 164434.33032694476 1.4444419391206313e+36
84552.0 15300.935695219607 163580.84299927202 1.2833511283669014e+36
94552.0 14680.88909626014 162814.77704400258 1.2155616969348934e+36
104552.0 14121.85961043734 160562.2914369717 1.0371958838662256e+36
114552.0 13658.3278959926 159199.83517553683 9.519194624336563e+35
124552.0 13210.355942932269 158008.32716560355 8.837498174027365e+35
134552.0 12841.310674188684 155464.0196056527 7.785899011338882e+35
144552.0 12492.743082765688 152578.21381638435 6.643586111278558e+35
154552.0 12210.6284284767 149729.94086442824 5.841850021098318e+35
164552.0 11956.602849684577 147545.96114857515 5.247856210572112e+35
174552.0 11754.94959756363 146600.5619752012 5.041199695453557e+35
184552.0 11553.29634544268 145655.16280182727 4.834543180335001e+35
194552.0 11351.64309332173 144709.76362845334 4.627886665216445e+35
204552.0 11149.989841200782 143764.3644550794 4.4212301500978904e+35
214552.0 10995.11724399146 140633.6821155568 3.934930789890503e+35
224552.0 10855.664038289375 136782.70766476137 3.35645823290407e+35
234552.0 10716.210832587287 132931.73321396598 2.777985675917636e+35
244552.0 10620.43003849699 131775.09384590358 2.63207265629236e+35
254552.0 10532.483392072872 131101.7760559562 2.563754053028249e+35
264552.0 10444.536745648755 130428.45826600879 2.495435449764138e+35
274552.0 10356.590099224639 129755.14047606138 2.427116846500027e+35
284552.0 10268.643452800521 129081.82268611397 2.358798243235916e+35
294552.0 10180.696806376403 128408.50489616657 2.290479639971805e+35
304552.0 10092.750159952286 127735.18710621916 2.2221610367076938e+35
314552.0 10004.803513528168 127061.86931627175 2.153842433443583e+35
324552.0 9916.85686710405 126388.55152632436 2.085523830179472e+35
334552.0 9859.44230025524 125662.53070616444 2.0291136205429656e+35
344552.0 9820.237798747003 124905.07653337458 1.979805862789079e+35
354552.0 9781.033297238766 124147.62236058473 1.930498105035192e+35
364552.0 9741.828795730527 123390.16818779489 1.8811903472813055e+35
374552.0 9702.62429422229 122632.71401500503 1.831882589527419e+35
384552.0 9663.419792714054 121875.25984221518 1.7825748317735324e+35
394552.0 9624.215291205815 121117.80566942532 1.7332670740196458e+35
404552.0 9585.010789697579 120360.35149663547 1.6839593162657592e+35
414552.0 9545.806288189342 119602.89732384562 1.6346515585118727e+35
424552.0 9506.601786681105 118845.44315105576 1.5853438007579859e+35
434552.0 9467.397285172867 118087.98897826592 1.5360360430040993e+35
444552.0 9428.19278366463 117330.53480547605 1.4867282852502127e+35
454552.0 9388.988282156393 116573.08063268621 1.4374205274963262e+35
464552.0 9349.783780648155 115815.62645989636 1.3881127697424394e+35
474552.0 9310.579279139918 115058.1722871065 1.3388050119885528e+35
484552.0 9271.374777631681 114300.71811431665 1.2894972542346663e+35
494552.0 9232.170276123443 113543.2639415268 1.2401894964807797e+35
504552.0 9192.965774615206 112785.80976873694 1.1908817387268931e+35
514552.0 9153.76127310697 112028.3555959471 1.1415739809730064e+35
524552.0 9114.55677159873 111270.90142315725 1.0922662232191198e+35
534552.0 9075.352270090494 110513.44725036739 1.0429584654652332e+35
544552.0 9063.918650350293 110251.12872146058 1.0331529506609358e+35
554552.0 9054.257640084648 110020.41459535483 1.025868855619378e+35
564552.0 9044.596629819003 109789.70046924907 1.0185847605778203e+35
574552.0 9034.935619553358 109558.98634314332 1.0113006655362628e+35
584552.0 9025.274609287713 109328.27221703755 1.004016570494705e+35
594552.0 9015.61359902207 109097.5580909318 9.967324754531475e+34
604552.0 9005.952588756425 108866.84396482604 9.894483804115897e+34
614552.0 8996.29157849078 108636.12983872028 9.82164285370032e+34
624552.0 8986.630568225135 108405.41571261451 9.748801903284744e+34
634552.0 8976.96955795949 108174.70158650876 9.675960952869167e+34
644552.0 8967.308547693845 107943.987460403 9.60312000245359e+34
654552.0 8957.6475374282 107713.27333429725 9.530279052038013e+34
664552.0 8947.986527162555 107482.55920819148 9.457438101622436e+34
674552.0 8938.32551689691 107251.84508208573 9.384597151206859e+34
684552.0 8928.664506631265 107021.13095597997 9.311756200791283e+34
694552.0 8919.00349636562 106790.41682987422 9.238915250375705e+34
704552.0 8909.342486099975 106559.70270376845 9.16607429996013e+34
714552.0 8899.68147583433 106328.98857766269 9.093233349544552e+34
724552.0 8890.020465568685 106098.27445155694 9.020392399128975e+34
734552.0 8880.35945530304 105867.56032545118 8.9475514487134e+34
744552.0 8870.698445037395 105636.84619934541 8.874710498297822e+34
754552.0 8861.03743477175 105406.13207323966 8.801869547882246e+34
764552.0 8851.376424506105 105175.4179471339 8.729028597466669e+34
774552.0 8841.71541424046 104944.70382102815 8.656187647051091e+34
784552.0 8832.054403974817 104713.98969492238 8.583346696635516e+34
794552.0 8822.393393709172 104483.27556881662 8.510505746219938e+34
804552.0 8812.732383443526 104252.56144271087 8.43766479580436e+34
814552.0 8803.071373177881 104021.84731660511 8.364823845388785e+34
824552.0 8793.410362912236 103791.13319049936 8.291982894973208e+34
834552.0 8783.749352646591 103560.41906439359 8.219141944557631e+34
844552.0 8774.088342380946 103329.70493828783 8.1463009941420545e+34
854552.0 8764.427332115301 103098.99081218208 8.073460043726477e+34
864552.0 8754.766321849656 102868.27668607631 8.0006190933109005e+34
874552.0 8745.105311584011 102637.56255997055 7.927778142895324e+34
884552.0 8735.444301318366 102406.8484338648 7.854937192479746e+34
894552.0 8725.783291052721 102176.13430775904 7.782096242064171e+34
904552.0 8716.122280787076 101945.42018165329 7.709255291648593e+34
914552.0 8706.461270521431 101714.70605554752 7.636414341233017e+34
924552.0 8696.800260255786 101483.99192944176 7.56357339081744e+34
934552.0 8687.139249990141 101253.27780333601 7.490732440401863e+34
944552.0 8677.478239724496 101022.56367723025 7.417891489986286e+34
954552.0 8667.817229458851 100791.84955112448 7.34505053957071e+34
964552.0 8658.156219193206 100561.13542501873 7.272209589155132e+34
974552.0 8648.495208927563 100330.42129891297 7.199368638739557e+34
984552.0 8638.834198661918 100099.70717280722 7.126527688323979e+34
994552.0 8629.173188396273 99868.99304670145 7.053686737908402e+34
1004552.0 8619.512178130628 99638.2789205957 6.980845787492826e+34
1104552.0 8522.902075474178 97331.13765953812 6.252436283337057e+34
1204552.0 8426.29197281773 95023.99639848052 5.52402677918129e+34
1304552.0 8329.68187016128 92716.85513742294 4.795617275025522e+34
1404552.0 8233.07176750483 90409.71387636536 4.067207770869754e+34
1504552.0 8184.034273977732 88945.2918505902 3.7038297390575277e+34
1604552.0 8171.695072492808 88130.95728421558 3.6220429804972066e+34
1704552.0 8159.355871007886 87316.62271784096 3.5402562219368856e+34
1804552.0 8147.016669522964 86502.28815146633 3.4584694633765646e+34
1904552.0 8134.67746803804 85687.95358509172 3.3766827048162435e+34
2004552.0 8122.338266553118 84873.61901871709 3.2948959462559225e+34
2104552.0 8109.999065068195 84059.28445234247 3.2131091876956014e+34
2204552.0 8097.659863583272 83244.94988596784 3.1313224291352804e+34
2304552.0 8085.32066209835 82430.61531959323 3.0495356705749593e+34
2404552.0 8072.981460613427 81616.28075321861 2.9677489120146383e+34
2504552.0 8060.6422591285045 80801.94618684398 2.8859621534543173e+34
2604552.0 8048.303057643581 79987.61162046937 2.804175394893996e+34
2704552.0 8035.963856158659 79173.27705409474 2.722388636333675e+34
2804552.0 8023.624654673737 78358.94248772012 2.640601877773354e+34
2904552.0 8011.285453188813 77544.6079213455 2.558815119213033e+34
3004552.0 7998.946251703891 76730.27335497088 2.477028360652712e+34
3104552.0 7986.607050218968 75915.93878859625 2.395241602092391e+34
3204552.0 7974.267848734045 75101.60422222163 2.31345484353207e+34
3304552.0 7961.928647249123 74287.26965584702 2.231668084971749e+34
3404552.0 7949.5894457642 73472.93508947239 2.149881326411428e+34
3504552.0 7937.2502442792775 72658.60052309778 2.0680945678511068e+34
3604552.0 7924.911042794354 71844.26595672315 1.986307809290786e+34
3704552.0 7912.571841309432 71029.93139034853 1.904521050730465e+34
3804552.0 7900.2326398245095 70215.5968239739 1.822734292170144e+34
3904552.0 7887.893438339586 69401.26225759929 1.7409475336098227e+34
4004552.0 7875.554236854664 68586.92769122467 1.6591607750495016e+34
4104552.0 7863.215035369741 67772.59312485004 1.5773740164891806e+34
4204552.0 7850.875833884818 66958.25855847543 1.49558725792886e+34
4304552.0 7838.536632399896 66143.92399210081 1.413800499368539e+34
4404552.0 7826.197430914973 65329.58942572618 1.3320137408082175e+34
4504552.0 7813.85822943005 64515.25485935155 1.250226982247897e+34
4604552.0 7801.519027945127 63700.92029297694 1.1684402236875759e+34
4704552.0 7789.179826460205 62886.585726602316 1.0866534651272548e+34
4804552.0 7776.8406249752825 62072.25116022769 1.0048667065669338e+34
4904552.0 7764.501423490359 61257.91659385307 9.230799480066127e+33
5004552.0 7752.162222005437 60443.58202747845 8.412931894462917e+33
5104552.0 7739.823020520514 59629.247461103834 7.595064308859706e+33
5204552.0 7727.483819035591 58814.91289472921 6.777196723256496e+33
5304552.0 7722.258707579822 58441.02530355251 6.458564294183181e+33
5404552.0 7721.094288585479 58318.54298058513 6.424893178263451e+33
5504552.0 7719.9298695911375 58196.06065761776 6.39122206234372e+33
5604552.0 7718.765450596795 58073.57833465038 6.35755094642399e+33
5704552.0 7717.601031602453 57951.096011683 6.32387983050426e+33
5804552.0 7716.43661260811 57828.613688715624 6.29020871458453e+33
5904552.0 7715.272193613769 57706.13136574825 6.256537598664799e+33
6004552.0 7714.107774619426 57583.649042780875 6.222866482745069e+33
6104552.0 7712.943355625084 57461.1667198135 6.189195366825339e+33
6204552.0 7711.778936630742 57338.684396846125 6.155524250905609e+33
6304552.0 7710.614517636399 57216.20207387875 6.121853134985878e+33
6404552.0 7709.450098642057 57093.71975091137 6.088182019066148e+33
6504552.0 7708.2856796477145 56971.237427944 6.054510903146418e+33
6604552.0 7707.121260653373 56848.75510497662 6.020839787226688e+33
6704552.0 7705.95684165903 56726.27278200924 5.987168671306957e+33
6804552.0 7704.792422664688 56603.79045904186 5.953497555387227e+33
6904552.0 7703.628003670346 56481.30813607449 5.919826439467497e+33
7004552.0 7702.463584676004 56358.82581310711 5.886155323547766e+33
7104552.0 7701.299165681661 56236.343490139734 5.852484207628036e+33
7204552.0 7700.1347466873185 56113.86116717236 5.818813091708306e+33
7304552.0 7698.970327692977 55991.378844204984 5.785141975788576e+33
7404552.0 7697.805908698634 55868.896521237606 5.751470859868845e+33
7504552.0 7696.641489704292 55746.41419827023 5.717799743949115e+33
7604552.0 7695.47707070995 55623.93187530286 5.684128628029385e+33
7704552.0 7694.312651715608 55501.44955233548 5.650457512109655e+33
7804552.0 7693.148232721265 55378.9672293681 5.616786396189924e+33
7904552.0 7691.9838137269235 55256.48490640073 5.583115280270194e+33
8004552.0 7690.819394732581 55134.00258343335 5.549444164350464e+33
8104552.0 7689.654975738239 55011.52026046597 5.515773048430734e+33
8204552.0 7688.490556743896 54889.0379374986 5.482101932511003e+33
8304552.0 7687.326137749554 54766.55561453122 5.448430816591273e+33
8404552.0 7686.161718755212 54644.073291563844 5.414759700671543e+33
8504552.0 7684.997299760869 54521.59096859647 5.381088584751812e+33
8604552.0 7683.8328807665275 54399.108645629094 5.347417468832082e+33
8704552.0 7682.668461772185 54276.626322661716 5.313746352912352e+33
8804552.0 7681.504042777843 54154.14399969434 5.280075236992622e+33
8904552.0 7680.3396237835 54031.661676726966 5.24640412107289e+33
9004552.0 7679.175204789159 53909.17935375959 5.21273300515316e+33
9104552.0 7678.010785794816 53786.69703079221 5.1790618892334305e+33
9204552.0 7676.846366800473 53664.21470782484 5.1453907733137005e+33
9304552.0 7675.681947806132 53541.73238485746 5.11171965739397e+33
9404552.0 7674.517528811789 53419.25006189008 5.0780485414742394e+33
9504552.0 7673.353109817447 53296.7677389227 5.0443774255545094e+33
9604552.0 7672.1886908231045 53174.28541595533 5.010706309634779e+33
9704552.0 7671.024271828763 53051.80309298795 4.977035193715049e+33
9804552.0 7669.85985283442 52929.320770020575 4.9433640777953183e+33
9904552.0 7668.695433840078 52806.838447053204 4.9096929618755883e+33
10004552.0 7667.531014845736 52684.356124085825 4.876021845955858e+33
10104552.0 7666.366595851394 52561.87380111845 4.842350730036127e+33
10204552.0 7665.202176857051 52439.391478151076 4.808679614116397e+33
10304552.0 7664.0377578627085 52316.9091551837 4.775008498196667e+33
10404552.0 7662.873338868367 52194.42683221632 4.741337382276936e+33
10504552.0 7661.708919874024 52071.94450924894 4.707666266357206e+33
10604552.0 7660.544500879682 51949.46218628157 4.673995150437476e+33
10704552.0 7659.38008188534 51826.97986331419 4.640324034517746e+33
10804552.0 7658.215662890998 51704.49754034681 4.6066529185980156e+33
10904552.0 7657.051243896655 51582.01521737944 4.572981802678285e+33
11004552.0 7655.8868249023135 51459.53289441206 4.539310686758555e+33
11104552.0 7654.722405907971 51337.050571444684 4.5056395708388245e+33
11204552.0 7653.557986913629 51214.56824847731 4.471968454919094e+33
11304552.0 7652.393567919286 51092.085925509935 4.438297338999364e+33
11404552.0 7651.229148924944 50969.60360254256 4.404626223079634e+33
11504552.0 7650.064729930602 50847.12127957518 4.370955107159904e+33
11604552.0 7648.900310936259 50724.63895660781 4.337283991240173e+33
11704552.0 7647.7358919419175 50602.15663364043 4.303612875320443e+33
11804552.0 7646.571472947575 50479.67431067305 4.269941759400713e+33
11904552.0 7645.407053953233 50357.19198770568 4.2362706434809823e+33
12004552.0 7644.24263495889 50234.7096647383 4.202599527561252e+33
12104552.0 7643.078215964549 50112.22734177092 4.168928411641522e+33
12204552.0 7641.913796970206 49989.745018803544 4.135257295721791e+33
12304552.0 7640.749377975863 49867.26269583617 4.101586179802061e+33
12404552.0 7639.584958981522 49744.780372868794 4.0679150638823307e+33
12504552.0 7638.420539987179 49622.29804990142 4.034243947962601e+33
12604552.0 7637.256120992837 49499.815726934045 4.000572832042871e+33
12704552.0 7636.0917019984945 49377.333403966666 3.9669017161231396e+33
12804552.0 7634.927283004153 49254.85108099929 3.9332306002034096e+33
12904552.0 7633.76286400981 49132.36875803191 3.8995594842836796e+33
13004552.0 7632.598445015468 49009.88643506454 3.865888368363949e+33
13104552.0 7631.434026021126 48887.40411209716 3.832217252444219e+33
13204552.0 7630.269607026784 48764.92178912979 3.7985461365244885e+33
13304552.0 7629.105188032441 48642.43946616241 3.764875020604758e+33
13404552.0 7627.940769038099 48519.95714319503 3.731203904685028e+33
13504552.0 7626.776350043757 48397.47482022765 3.6975327887652974e+33
13604552.0 7625.611931049414 48274.992497260275 3.663861672845567e+33
13704552.0 7624.447512055072 48152.510174292904 3.630190556925837e+33
13804552.0 7623.28309306073 48030.027851325525 3.596519441006107e+33
13904552.0 7622.118674066388 47907.545528358154 3.5628483250863764e+33
14004552.0 7620.954255072045 47785.063205390776 3.5291772091666464e+33
14104552.0 7619.7898360777035 47662.5808824234 3.495506093246916e+33
14204552.0 7618.625417083361 47540.09855945602 3.461834977327186e+33
14304552.0 7617.460998089018 47417.61623648865 3.428163861407455e+33
14404552.0 7616.296579094676 47295.13391352127 3.3944927454877253e+33
14504552.0 7615.132160100334 47172.6515905539 3.3608216295679953e+33
14604552.0 7613.967741105992 47050.16926758652 3.327150513648265e+33
14704552.0 7612.803322111649 46927.68694461914 3.293479397728534e+33
14804552.0 7611.638903117308 46805.20462165176 3.2598082818088036e+33
14904552.0 7610.474484122965 46682.722298684384 3.2261371658890737e+33
15004552.0 7609.310065128623 46560.23997571701 3.192466049969343e+33
15104552.0 7608.1456461342805 46437.757652749635 3.158794934049613e+33
15204552.0 7606.981227139939 46315.275329782264 3.1251238181298826e+33
15304552.0 7605.816808145596 46192.793006814885 3.0914527022101526e+33
15404552.0 7604.652389151253 46070.31068384751 3.0577815862904226e+33
15504552.0 7603.487970156912 45947.82836088013 3.024110470370692e+33
15604552.0 7602.323551162569 45825.34603791276 2.990439354450962e+33
15704552.0 7601.159132168227 45702.86371494538 2.9567682385312315e+33
15804552.0 7599.9947131738845 45580.381391978 2.923097122611501e+33
15904552.0 7598.830294179543 45457.89906901063 2.8894260066917704e+33
16004552.0 7597.6658751852 45335.41674604325 2.8557548907720404e+33
16104552.0 7596.501456190858 45212.93442307587 2.82208377485231e+33
16204552.0 7595.337037196516 45090.452100108494 2.78841265893258e+33
16304552.0 7594.172618202174 44967.96977714112 2.75474154301285e+33
16404552.0 7593.008199207831 44845.487454173744 2.7210704270931193e+33
16504552.0 7591.843780213489 44723.005131206366 2.6873993111733893e+33
16604552.0 7590.679361219147 44600.522808238995 2.653728195253659e+33
16704552.0 7589.514942224804 44478.04048527162 2.620057079333929e+33
16804552.0 7588.350523230462 44355.55816230424 2.5863859634141982e+33
16904552.0 7587.18610423612 44233.07583933687 2.5527148474944683e+33
17004552.0 7586.021685241778 44110.59351636949 2.519043731574737e+33
17104552.0 7584.857266247435 43988.11119340211 2.4853726156550071e+33
17204552.0 7583.6928472530935 43865.62887043473 2.4517014997352772e+33
17304552.0 7582.528428258751 43743.14654746736 2.4180303838155466e+33
17404552.0 7581.364009264408 43620.66422449998 2.3843592678958166e+33
17504552.0 7580.199590270066 43498.181901532604 2.350688151976086e+33
17604552.0 7579.035171275724 43375.69957856523 2.317017036056356e+33
17704552.0 7577.870752281382 43253.217255597854 2.2833459201366255e+33
17804552.0 7576.706333287039 43130.734932630476 2.2496748042168955e+33
17904552.0 7575.541914292698 43008.252609663105 2.216003688297165e+33
18004552.0 7574.377495298355 42885.770286695726 2.182332572377435e+33
18104552.0 7573.213076304013 42763.28796372835 2.1486614564577044e+33
18204552.0 7572.0486573096705 42640.80564076097 2.114990340537974e+33
18304552.0 7570.884238315329 42518.32331779359 2.081319224618244e+33
18404552.0 7569.719819320986 42395.84099482622 2.0476481086985133e+33
18504552.0 7568.555400326643 42273.35867185884 2.0139769927787834e+33
18604552.0 7567.390981332302 42150.87634889147 1.9803058768590528e+33
18704552.0 7566.226562337959 42028.39402592409 1.9466347609393228e+33
18804552.0 7565.062143343617 41905.91170295671 1.9129636450195923e+33
18904552.0 7563.8977243492745 41783.429379989335 1.8792925290998623e+33
19004552.0 7562.733305354933 41660.947057021964 1.8456214131801323e+33
19104552.0 7561.56888636059 41538.464734054585 1.8119502972604017e+33
19204552.0 7560.404467366248 41415.98241108721 1.7782791813406712e+33
19304552.0 7559.240048371906 41293.500088119836 1.7446080654209406e+33
19404552.0 7558.075629377563 41171.01776515246 1.7109369495012106e+33
19504552.0 7556.911210383221 41048.53544218508 1.67726583358148e+33
19604552.0 7555.746791388879 40926.0531192177 1.64359471766175e+33
19704552.0 7554.582372394537 40803.57079625033 1.6099236017420195e+33
19804552.0 7553.417953400194 40681.08847328295 1.5762524858222896e+33
19904552.0 7552.253534405852 40558.60615031558 1.5425813699025596e+33
20004552.0 7551.08911541151 40436.1238273482 1.508910253982829e+33
20104552.0 7549.924696417168 40313.64150438082 1.475239138063099e+33
20204552.0 7548.760277422825 40191.159181413444 1.4415680221433685e+33
20304552.0 7547.595858428484 40068.67685844607 1.4078969062236385e+33
20404552.0 7546.431439434141 39946.194535478695 1.3742257903039074e+33
20504552.0 7545.267020439798 39823.71221251132 1.3405546743841774e+33
20604552.0 7544.1026014454565 39701.229889543945 1.3068835584644468e+33
20704552.0 7542.938182451114 39578.74756657657 1.2732124425447168e+33
20804552.0 7541.773763456772 39456.26524360919 1.2395413266249869e+33
20904552.0 7540.609344462429 39333.78292064181 1.2058702107052569e+33
21004552.0 7539.444925468088 39211.30059767444 1.1721990947855257e+33
21104552.0 7538.280506473745 39088.81827470706 1.1385279788657958e+33
21204552.0 7537.116087479403 38966.33595173969 1.1048568629460658e+33
21304552.0 7535.9516684850605 38843.85362877231 1.0711857470263358e+33
21404552.0 7534.787249490719 38721.37130580493 1.0375146311066047e+33
21504552.0 7533.622830496376 38598.888982837554 1.0038435151868747e+33
21604552.0 7532.458411502033 38476.406659870176 9.701723992671447e+32
21704552.0 7531.293992507692 38353.9243369028 9.365012833474136e+32
21804552.0 7530.838893000679 38315.44719402612 9.274690792067811e+32
21904552.0 7530.623371008864 38305.34337610302 9.267588362792088e+32
22004552.0 7530.407849017049 38295.239558179914 9.260485933516364e+32
22104552.0 7530.192327025233 38285.13574025682 9.25338350424064e+32
22204552.0 7529.976805033418 38275.031922333714 9.246281074964916e+32
22304552.0 7529.761283041603 38264.92810441061 9.239178645689192e+32
22404552.0 7529.545761049788 38254.82428648751 9.232076216413469e+32
22504552.0 7529.330239057973 38244.7204685644 9.224973787137745e+32
22604552.0 7529.114717066158 38234.6166506413 9.217871357862022e+32
22704552.0 7528.899195074343 38224.512832718196 9.210768928586298e+32
22804552.0 7528.683673082528 38214.40901479509 9.203666499310575e+32
22904552.0 7528.468151090713 38204.305196871996 9.196564070034852e+32
23004552.0 7528.252629098898 38194.20137894889 9.189461640759128e+32
23104552.0 7528.037107107082 38184.09756102579 9.182359211483403e+32
23204552.0 7527.821585115267 38173.993743102685 9.17525678220768e+32
23304552.0 7527.606063123452 38163.88992517958 9.168154352931956e+32
23404552.0 7527.390541131637 38153.78610725648 9.161051923656233e+32
23504552.0 7527.175019139822 38143.682289333374 9.153949494380509e+32
23604552.0 7526.959497148007 38133.57847141027 9.146847065104786e+32
23704552.0 7526.743975156192 38123.474653487174 9.139744635829062e+32
23804552.0 7526.528453164377 38113.37083556407 9.132642206553339e+32
23904552.0 7526.3129311725625 38103.26701764097 9.125539777277615e+32
24004552.0 7526.097409180747 38093.16319971786 9.11843734800189e+32
24104552.0 7525.881887188932 38083.05938179476 9.111334918726167e+32
24204552.0 7525.666365197117 38072.955563871656 9.104232489450443e+32
24304552.0 7525.450843205302 38062.85174594855 9.09713006017472e+32
24404552.0 7525.235321213487 38052.74792802545 9.090027630898996e+32
24504552.0 7525.019799221672 38042.64411010235 9.082925201623273e+32
24604552.0 7524.804277229857 38032.54029217925 9.075822772347549e+32
24704552.0 7524.588755238042 38022.436474256145 9.068720343071826e+32
24804552.0 7524.373233246227 38012.33265633304 9.061617913796102e+32
24904552.0 7524.157711254412 38002.22883840994 9.054515484520377e+32
25004552.0 7523.942189262596 37992.125020486834 9.047413055244654e+32
25104552.0 7523.726667270781 37982.02120256373 9.04031062596893e+32
25204552.0 7523.511145278966 37971.91738464063 9.033208196693207e+32
25304552.0 7523.295623287151 37961.81356671752 9.026105767417483e+32
25404552.0 7523.080101295336 37951.70974879443 9.01900333814176e+32
25504552.0 7522.864579303521 37941.60593087132 9.011900908866036e+32
25604552.0 7522.649057311706 37931.50211294822 9.004798479590313e+32
25704552.0 7522.433535319891 37921.398295025116 8.99769605031459e+32
25804552.0 7522.218013328076 37911.29447710201 8.990593621038866e+32
25904552.0 7522.00249133626 37901.19065917891 8.983491191763141e+32
26004552.0 7521.786969344445 37891.086841255805 8.976388762487417e+32
26104552.0 7521.5714473526305 37880.9830233327 8.969286333211694e+32
26204552.0 7521.3559253608155 37870.879205409605 8.96218390393597e+32
26304552.0 7521.1404033690005 37860.7753874865 8.955081474660247e+32
26404552.0 7520.924881377186 37850.6715695634 8.947979045384523e+32
26504552.0 7520.709359385371 37840.567751640294 8.9408766161088e+32
26604552.0 7520.493837393556 37830.46393371719 8.933774186833076e+32
26704552.0 7520.278315401741 37820.36011579409 8.926671757557353e+32
26804552.0 7520.062793409926 37810.25629787098 8.919569328281628e+32
26904552.0 7519.84727141811 37800.15247994788 8.912466899005904e+32
27004552.0 7519.631749426295 37790.04866202478 8.905364469730181e+32
27104552.0 7519.41622743448 37779.94484410168 8.898262040454457e+32
27204552.0 7519.200705442665 37769.841026178576 8.891159611178734e+32
27304552.0 7518.98518345085 37759.73720825547 8.88405718190301e+32
27404552.0 7518.769661459035 37749.63339033237 8.876954752627287e+32
27504552.0 7518.55413946722 37739.529572409265 8.869852323351563e+32
27604552.0 7518.338617475405 37729.42575448616 8.86274989407584e+32
27704552.0 7518.12309548359 37719.32193656306 8.855647464800115e+32
27804552.0 7517.907573491774 37709.21811863996 8.848545035524392e+32
27904552.0 7517.692051499959 37699.11430071686 8.841442606248668e+32
28004552.0 7517.476529508144 37689.010482793754 8.834340176972945e+32
28104552.0 7517.261007516329 37678.90666487065 8.827237747697221e+32
28204552.0 7517.045485524514 37668.80284694755 8.820135318421498e+32
28304552.0 7516.829963532699 37658.69902902444 8.813032889145774e+32
28404552.0 7516.614441540884 37648.59521110134 8.80593045987005e+32
28504552.0 7516.398919549069 37638.491393178236 8.798828030594327e+32
28604552.0 7516.1833975572545 37628.38757525514 8.791725601318602e+32
28704552.0 7515.9678755654395 37618.283757332036 8.784623172042879e+32
28804552.0 7515.752353573624 37608.17993940893 8.777520742767155e+32
28904552.0 7515.536831581809 37598.07612148583 8.770418313491432e+32
29004552.0 7515.321309589994 37587.972303562725 8.763315884215708e+32
29104552.0 7515.105787598179 37577.86848563962 8.756213454939985e+32
29204552.0 7514.890265606364 37567.76466771652 8.749111025664261e+32
29304552.0 7514.674743614549 37557.660849793414 8.742008596388538e+32
29404552.0 7514.459221622734 37547.55703187032 8.734906167112814e+32
29504552.0 7514.243699630919 37537.453213947214 8.727803737837089e+32
29604552.0 7514.028177639104 37527.34939602411 8.720701308561366e+32
29704552.0 7513.812655647288 37517.24557810101 8.713598879285642e+32
29804552.0 7513.597133655473 37507.1417601779 8.706496450009919e+32
29904552.0 7513.381611663658 37497.0379422548 8.699394020734195e+32
30004552.0 7513.166089671843 37486.934124331696 8.692291591458472e+32
30104552.0 7512.950567680028 37476.83030640859 8.685189162182748e+32
30204552.0 7512.735045688213 37466.726488485496 8.678086732907025e+32
30304552.0 7512.519523696398 37456.62267056239 8.670984303631301e+32
30404552.0 7512.304001704583 37446.51885263929 8.663881874355576e+32
30504552.0 7512.088479712768 37436.415034716185 8.656779445079853e+32
30604552.0 7511.872957720953 37426.31121679308 8.64967701580413e+32
30704552.0 7511.657435729137 37416.20739886998 8.642574586528406e+32
30804552.0 7511.4419137373225 37406.103580946874 8.635472157252682e+32
30904552.0 7511.2263917455075 37395.99976302377 8.628369727976959e+32
31004552.0 7511.0108697536925 37385.895945100674 8.621267298701235e+32
31104552.0 7510.795347761878 37375.79212717757 8.614164869425512e+32
31204552.0 7510.579825770063 37365.68830925447 8.607062440149788e+32
31304552.0 7510.364303778248 37355.58449133136 8.599960010874065e+32
31404552.0 7510.148781786433 37345.48067340826 8.59285758159834e+32
31504552.0 7509.933259794618 37335.376855485156 8.585755152322616e+32
31604552.0 7509.717737802803 37325.27303756205 8.578652723046893e+32
31704552.0 7509.502215810987 37315.16921963895 8.57155029377117e+32
31804552.0 7509.286693819172 37305.06540171585 8.564447864495446e+32
31904552.0 7509.071171827357 37294.96158379275 8.557345435219722e+32
32004552.0 7508.855649835542 37284.857765869645 8.550243005943999e+32
32104552.0 7508.640127843727 37274.75394794654 8.543140576668275e+32
32204552.0 7508.424605851912 37264.65013002344 8.536038147392552e+32
32304552.0 7508.209083860097 37254.546312100334 8.528935718116827e+32
32404552.0 7507.993561868282 37244.44249417723 8.521833288841103e+32
32504552.0 7507.778039876467 37234.33867625413 8.51473085956538e+32
32604552.0 7507.562517884651 37224.23485833103 8.507628430289657e+32
32704552.0 7507.346995892836 37214.13104040793 8.500526001013933e+32
32804552.0 7507.131473901021 37204.02722248482 8.49342357173821e+32
32904552.0 7506.915951909206 37193.92340456172 8.486321142462486e+32
33004552.0 7506.700429917391 37183.819586638616 8.479218713186763e+32
33104552.0 7506.484907925576 37173.71576871551 8.472116283911039e+32
33204552.0 7506.269385933761 37163.61195079241 8.465013854635316e+32
33304552.0 7506.0538639419465 37153.508132869305 8.45791142535959e+32
33404552.0 7505.8383419501315 37143.40431494621 8.450808996083867e+32
33504552.0 7505.6228199583165 37133.300497023105 8.443706566808144e+32
33604552.0 7505.407297966501 37123.1966791 8.43660413753242e+32
33704552.0 7505.191775974686 37113.0928611769 8.429501708256697e+32
33804552.0 7504.976253982871 37102.989043253794 8.422399278980973e+32
33904552.0 7504.760731991056 37092.88522533069 8.41529684970525e+32
34004552.0 7504.545209999241 37082.78140740759 8.408194420429526e+32
34104552.0 7504.329688007426 37072.67758948448 8.401091991153803e+32
34204552.0 7504.114166015611 37062.57377156139 8.393989561878078e+32
34304552.0 7503.898644023796 37052.46995363828 8.386887132602354e+32
34404552.0 7503.683122031981 37042.36613571518 8.37978470332663e+32
34504552.0 7503.467600040165 37032.262317792076 8.372682274050907e+32
34604552.0 7503.25207804835 37022.15849986897 8.365579844775184e+32
34704552.0 7503.036556056535 37012.05468194587 8.35847741549946e+32
34804552.0 7502.82103406472 37001.950864022765 8.351374986223737e+32
34904552.0 7502.605512072905 36991.84704609966 8.344272556948013e+32
35004552.0 7502.38999008109 36981.743228176565 8.33717012767229e+32
35104552.0 7502.174468089275 36971.63941025346 8.330067698396565e+32
35204552.0 7501.95894609746 36961.53559233036 8.322965269120841e+32
35304552.0 7501.743424105645 36951.431774407254 8.315862839845118e+32
35404552.0 7501.52790211383 36941.32795648415 8.308760410569394e+32
35504552.0 7501.3123801220145 36931.22413856105 8.301657981293671e+32
35604552.0 7501.0968581301995 36921.12032063794 8.294555552017947e+32
35704552.0 7500.8813361383845 36911.01650271484 8.287453122742224e+32
35804552.0 7500.66581414657 36900.912684791736 8.2803506934665e+32
35904552.0 7500.450292154755 36890.80886686864 8.273248264190777e+32
36004552.0 7500.23477016294 36880.705048945536 8.266145834915052e+32
36104552.0 7500.019248171125 36870.60123102243 8.259043405639328e+32
36204552.0 7499.80372617931 36860.49741309933 8.251940976363605e+32
36304552.0 7499.588204187495 36850.393595176225 8.244838547087881e+32
36404552.0 7499.372682195679 36840.28977725312 8.237736117812158e+32
36504552.0 7499.157160203864 36830.18595933002 8.230633688536434e+32
36604552.0 7498.941638212049 36820.08214140692 8.223531259260711e+32
36704552.0 7498.726116220234 36809.97832348382 8.216428829984987e+32
36804552.0 7498.510594228419 36799.874505560714 8.209326400709264e+32
36904552.0 7498.295072236604 36789.77068763761 8.202223971433539e+32
37004552.0 7498.079550244789 36779.66686971451 8.195121542157817e+32
37104552.0 7497.864028252974 36769.5630517914 8.188019112882092e+32
37204552.0 7497.648506261159 36759.4592338683 8.180916683606368e+32
37304552.0 7497.432984269344 36749.355415945196 8.173814254330645e+32
37404552.0 7497.217462277528 36739.25159802209 8.166711825054921e+32
37504552.0 7497.001940285713 36729.147780098996 8.159609395779198e+32
37604552.0 7496.786418293898 36719.04396217589 8.152506966503474e+32
37704552.0 7496.570896302083 36708.94014425279 8.145404537227751e+32
37804552.0 7496.355374310268 36698.836326329685 8.138302107952027e+32
37904552.0 7496.139852318453 36688.73250840658 8.131199678676303e+32
38004552.0 7495.9243303266385 36678.62869048348 8.124097249400579e+32
38104552.0 7495.7088083348235 36668.524872560374 8.116994820124856e+32
38204552.0 7495.493286343009 36658.42105463727 8.109892390849132e+32
38304552.0 7495.277764351193 36648.317236714174 8.102789961573409e+32
38404552.0 7495.062242359378 36638.21341879107 8.095687532297685e+32
38504552.0 7494.846720367563 36628.10960086797 8.088585103021962e+32
38604552.0 7494.631198375748 36618.00578294486 8.081482673746238e+32
38704552.0 7494.415676383933 36607.90196502176 8.074380244470513e+32
38804552.0 7494.200154392118 36597.798147098656 8.067277815194791e+32
38904552.0 7493.984632400303 36587.69432917555 8.060175385919066e+32
39004552.0 7493.769110408488 36577.59051125245 8.053072956643343e+32
39104552.0 7493.553588416673 36567.48669332935 8.045970527367619e+32
39204552.0 7493.338066424858 36557.38287540625 8.038868098091896e+32
39304552.0 7493.122544433042 36547.279057483145 8.031765668816172e+32
39404552.0 7492.907022441227 36537.17523956004 8.024663239540449e+32
39504552.0 7492.691500449412 36527.07142163694 8.017560810264725e+32
39604552.0 7492.475978457597 36516.967603713834 8.010458380989002e+32
39704552.0 7492.260456465782 36506.86378579073 8.003355951713278e+32
39804552.0 7492.044934473967 36496.75996786763 7.996253522437553e+32
39904552.0 7491.829412482152 36486.65614994453 7.98915109316183e+32
40004552.0 7491.613890490337 36476.55233202143 7.982048663886106e+32
40104552.0 7491.398368498522 36466.44851409832 7.974946234610383e+32
40204552.0 7491.1828465067065 36456.34469617522 7.967843805334659e+32
40304552.0 7490.9673245148915 36446.240878252116 7.960741376058936e+32
40404552.0 7490.751802523077 36436.13706032901 7.953638946783212e+32
40504552.0 7490.536280531262 36426.03324240591 7.946536517507489e+32
40604552.0 7490.320758539447 36415.929424482805 7.939434088231765e+32
40704552.0 7490.105236547632 36405.82560655971 7.93233165895604e+32
40804552.0 7489.889714555817 36395.721788636605 7.925229229680317e+32
40904552.0 7489.674192564002 36385.6179707135 7.918126800404593e+32
41004552.0 7489.458670572187 36375.5141527904 7.91102437112887e+32
41104552.0 7489.243148580372 36365.410334867294 7.903921941853146e+32
41204552.0 7489.027626588556 36355.30651694419 7.896819512577423e+32
41304552.0 7488.812104596741 36345.20269902109 7.8897170833017e+32
41404552.0 7488.596582604926 36335.09888109798 7.882614654025976e+32
41504552.0 7488.381060613111 36324.99506317489 7.875512224750252e+32
41604552.0 7488.165538621296 36314.89124525178 7.868409795474527e+32
41704552.0 7487.950016629481 36304.78742732868 7.861307366198804e+32
41804552.0 7487.734494637666 36294.683609405576 7.85420493692308e+32
41904552.0 7487.518972645851 36284.57979148247 7.847102507647357e+32
42004552.0 7487.303450654036 36274.47597355937 7.840000078371633e+32
42104552.0 7487.08792866222 36264.372155636265 7.83289764909591e+32
42204552.0 7486.872406670405 36254.26833771316 7.825795219820186e+32
42304552.0 7486.65688467859 36244.164519790065 7.818692790544463e+32
42404552.0 7486.441362686775 36234.06070186696 7.81159036126874e+32
42504552.0 7486.22584069496 36223.95688394386 7.804487931993015e+32
42604552.0 7486.0103187031455 36213.853066020754 7.797385502717291e+32
42704552.0 7485.7947967113305 36203.74924809765 7.790283073441568e+32
42804552.0 7485.5792747195155 36193.64543017455 7.783180644165844e+32
42904552.0 7485.363752727701 36183.54161225144 7.77607821489012e+32
43004552.0 7485.148230735886 36173.43779432834 7.768975785614397e+32
43104552.0 7484.93270874407 36163.333976405236 7.761873356338674e+32
43204552.0 7484.717186752255 36153.23015848214 7.75477092706295e+32
43304552.0 7484.50166476044 36143.126340559036 7.747668497787227e+32
43404552.0 7484.286142768625 36133.02252263593 7.740566068511502e+32
43504552.0 7484.07062077681 36122.91870471283 7.733463639235778e+32
43604552.0 7483.855098784995 36112.814886789725 7.726361209960055e+32
43704552.0 7483.63957679318 36102.71106886662 7.719258780684331e+32
43804552.0 7483.424054801365 36092.60725094352 7.712156351408608e+32
43904552.0 7483.20853280955 36082.50343302042 7.705053922132884e+32
44004552.0 7482.993010817734 36072.39961509732 7.69795149285716e+32
44104552.0 7482.777488825919 36062.295797174214 7.690849063581437e+32
44204552.0 7482.561966834104 36052.19197925111 7.683746634305714e+32
44304552.0 7482.346444842289 36042.08816132801 7.67664420502999e+32
44404552.0 7482.130922850474 36031.9843434049 7.669541775754267e+32
44504552.0 7481.915400858659 36021.8805254818 7.662439346478542e+32
44604552.0 7481.699878866844 36011.776707558696 7.655336917202818e+32
44704552.0 7481.484356875029 36001.67288963559 7.648234487927095e+32
44804552.0 7481.268834883214 35991.569071712496 7.641132058651371e+32
44904552.0 7481.053312891399 35981.46525378939 7.634029629375648e+32
45004552.0 7480.8377908995835 35971.36143586629 7.626927200099924e+32
45104552.0 7480.622268907769 35961.257617943185 7.619824770824201e+32
45204552.0 7480.406746915954 35951.15380002008 7.612722341548476e+32
45304552.0 7480.191224924139 35941.04998209698 7.605619912272754e+32
45404552.0 7479.975702932324 35930.946164173874 7.598517482997029e+32
45504552.0 7479.760180940509 35920.84234625078 7.591415053721305e+32
45604552.0 7479.544658948694 35910.738528327674 7.584312624445582e+32
45704552.0 7479.329136956879 35900.63471040457 7.577210195169858e+32
45804552.0 7479.113614965064 35890.53089248147 7.570107765894135e+32
45904552.0 7478.898092973248 35880.42707455836 7.563005336618411e+32
46004552.0 7478.682570981433 35870.32325663526 7.555902907342688e+32
46104552.0 7478.467048989618 35860.219438712156 7.548800478066964e+32
46204552.0 7478.251526997803 35850.11562078905 7.541698048791241e+32
46304552.0 7478.036005005988 35840.01180286595 7.534595619515516e+32
46404552.0 7477.820483014173 35829.90798494285 7.527493190239792e+32
46504552.0 7477.604961022358 35819.80416701975 7.520390760964069e+32
46604552.0 7477.389439030543 35809.700349096645 7.513288331688345e+32
46704552.0 7477.173917038728 35799.59653117354 7.506185902412622e+32
46804552.0 7476.958395046913 35789.49271325044 7.499083473136898e+32
46904552.0 7476.742873055097 35779.388895327334 7.491981043861175e+32
47004552.0 7476.527351063282 35769.28507740423 7.48487861458545e+32
47104552.0 7476.311829071467 35759.181259481134 7.477776185309728e+32
47204552.0 7476.096307079652 35749.07744155803 7.470673756034003e+32
47304552.0 7475.8807850878375 35738.97362363493 7.46357132675828e+32
47404552.0 7475.6652630960225 35728.86980571182 7.456468897482556e+32
47504552.0 7475.4497411042075 35718.76598778872 7.449366468206832e+32
47604552.0 7475.234219112393 35708.662169865616 7.442264038931109e+32
47704552.0 7475.018697120578 35698.55835194251 7.435161609655386e+32
47804552.0 7474.803175128762 35688.45453401941 7.428059180379662e+32
47904552.0 7474.587653136947 35678.350716096305 7.420956751103937e+32
48004552.0 7474.372131145132 35668.24689817321 7.413854321828215e+32
48104552.0 7474.156609153317 35658.143080250105 7.40675189255249e+32
48204552.0 7473.941087161502 35648.039262327 7.399649463276767e+32
48304552.0 7473.725565169687 35637.9354444039 7.392547034001043e+32
48404552.0 7473.510043177872 35627.831626480795 7.38544460472532e+32
48504552.0 7473.294521186057 35617.72780855769 7.378342175449596e+32
48604552.0 7473.078999194242 35607.62399063459 7.371239746173873e+32
48704552.0 7472.863477202427 35597.52017271149 7.364137316898149e+32
48804552.0 7472.647955210611 35587.41635478839 7.357034887622426e+32
48904552.0 7472.432433218796 35577.31253686528 7.349932458346702e+32
49004552.0 7472.216911226981 35567.20871894218 7.342830029070977e+32
49104552.0 7472.001389235166 35557.104901019076 7.335727599795255e+32
49204552.0 7471.785867243351 35547.00108309597 7.32862517051953e+32
49304552.0 7471.570345251536 35536.89726517287 7.321522741243807e+32
49404552.0 7471.354823259721 35526.793447249765 7.314420311968083e+32
49504552.0 7471.139301267906 35516.68962932666 7.30731788269236e+32
49604552.0 7470.923779276091 35506.585811403565 7.300215453416636e+32
49704552.0 7470.7082572842755 35496.48199348046 7.293113024140911e+32
49804552.0 7470.492735292461 35486.37817555736 7.286010594865189e+32
49904552.0 7470.277213300646 35476.274357634255 7.278908165589464e+32
50004552.0 7470.061691308831 35466.17053971115 7.271805736313741e+32
50104552.0 7469.846169317016 35456.06672178805 7.264703307038017e+32
50204552.0 7469.630647325201 35445.962903864944 7.257600877762294e+32
50304552.0 7469.415125333386 35435.85908594184 7.25049844848657e+32
50404552.0 7469.199603341571 35425.755268018744 7.243396019210847e+32
50504552.0 7468.984081349756 35415.65145009564 7.236293589935123e+32
50604552.0 7468.768559357941 35405.54763217254 7.2291911606594e+32
50704552.0 7468.553037366125 35395.44381424943 7.222088731383676e+32
50804552.0 7468.33751537431 35385.33999632633 7.214986302107951e+32
50904552.0 7468.121993382495 35375.236178403225 7.20788387283223e+32
51004552.0 7467.90647139068 35365.13236048012 7.200781443556504e+32
51104552.0 7467.690949398865 35355.02854255702 7.193679014280781e+32
51204552.0 7467.47542740705 35344.92472463392 7.186576585005057e+32
51304552.0 7467.259905415235 35334.82090671082 7.179474155729334e+32
51404552.0 7467.04438342342 35324.717088787715 7.17237172645361e+32
51504552.0 7466.828861431605 35314.61327086461 7.165269297177887e+32
51604552.0 7466.613339439789 35304.50945294151 7.158166867902163e+32
51704552.0 7466.397817447974 35294.405635018404 7.151064438626438e+32
51804552.0 7466.182295456159 35284.3018170953 7.143962009350716e+32
51904552.0 7465.966773464344 35274.1979991722 7.136859580074991e+32
52004552.0 7465.7512514725295 35264.0941812491 7.129757150799268e+32
52104552.0 7465.5357294807145 35253.990363326 7.122654721523544e+32
52204552.0 7465.3202074888995 35243.88654540289 7.115552292247821e+32
52304552.0 7465.104685497085 35233.78272747979 7.108449862972097e+32
52404552.0 7464.88916350527 35223.678909556686 7.101347433696374e+32
52504552.0 7464.673641513455 35213.57509163358 7.09424500442065e+32
52604552.0 7464.458119521639 35203.47127371048 7.087142575144927e+32
52704552.0 7464.242597529824 35193.367455787375 7.080040145869203e+32
52804552.0 7464.027075538009 35183.26363786428 7.072937716593479e+32
52904552.0 7463.811553546194 35173.159819941175 7.065835287317755e+32
53004552.0 7463.596031554379 35163.05600201807 7.058732858042032e+32
53104552.0 7463.380509562564 35152.95218409497 7.051630428766308e+32
53204552.0 7463.164987570749 35142.848366171864 7.044527999490585e+32
53304552.0 7462.949465578934 35132.74454824876 7.037425570214861e+32
53404552.0 7462.733943587119 35122.64073032566 7.030323140939138e+32
53504552.0 7462.518421595303 35112.53691240255 7.023220711663413e+32
53604552.0 7462.302899603488 35102.43309447946 7.01611828238769e+32
53704552.0 7462.087377611673 35092.32927655635 7.009015853111966e+32
53804552.0 7461.871855619858 35082.22545863325 7.001913423836242e+32
53904552.0 7461.656333628043 35072.121640710146 6.994810994560519e+32
54004552.0 7461.440811636228 35062.01782278704 6.987708565284795e+32
54104552.0 7461.225289644413 35051.91400486394 6.980606136009072e+32
54204552.0 7461.009767652598 35041.810186940835 6.973503706733348e+32
54304552.0 7460.794245660783 35031.70636901773 6.966401277457625e+32
54404552.0 7460.578723668968 35021.602551094635 6.9592988481819e+32
54504552.0 7460.363201677153 35011.49873317153 6.952196418906178e+32
54604552.0 7460.147679685338 35001.39491524843 6.945093989630453e+32
54704552.0 7459.932157693523 34991.291097325324 6.937991560354729e+32
54804552.0 7459.716635701708 34981.18727940222 6.930889131079006e+32
54904552.0 7459.501113709893 34971.08346147912 6.923786701803282e+32
55004552.0 7459.285591718078 34960.97964355601 6.916684272527559e+32
55104552.0 7459.070069726263 34950.87582563291 6.909581843251835e+32
55204552.0 7458.854547734448 34940.772007709806 6.902479413976112e+32
55304552.0 7458.639025742633 34930.66818978671 6.895376984700388e+32
55404552.0 7458.423503750817 34920.564371863606 6.888274555424665e+32
55504552.0 7458.207981759002 34910.4605539405 6.88117212614894e+32
55604552.0 7457.992459767187 34900.3567360174 6.874069696873218e+32
55704552.0 7457.776937775372 34890.252918094295 6.866967267597493e+32
55804552.0 7457.561415783557 34880.14910017119 6.85986483832177e+32
55904552.0 7457.345893791742 34870.04528224809 6.852762409046046e+32
56004552.0 7457.130371799927 34859.94146432499 6.845659979770322e+32
56104552.0 7456.914849808112 34849.83764640189 6.838557550494599e+32
56204552.0 7456.699327816297 34839.733828478784 6.831455121218874e+32
56304552.0 7456.483805824482 34829.63001055568 6.824352691943152e+32
56404552.0 7456.268283832666 34819.52619263258 6.817250262667427e+32
56504552.0 7456.052761840851 34809.42237470947 6.810147833391703e+32
56604552.0 7455.837239849036 34799.31855678637 6.80304540411598e+32
56704552.0 7455.6217178572215 34789.214738863266 6.795942974840256e+32
56804552.0 7455.4061958654065 34779.11092094016 6.788840545564533e+32
56904552.0 7455.190673873592 34769.007103017066 6.78173811628881e+32
57004552.0 7454.975151881777 34758.90328509396 6.774635687013086e+32
57104552.0 7454.759629889962 34748.79946717086 6.767533257737362e+32
57204552.0 7454.544107898147 34738.695649247755 6.760430828461639e+32
57304552.0 7454.328585906331 34728.59183132465 6.753328399185914e+32
57404552.0 7454.113063914516 34718.48801340155 6.746225969910192e+32
57504552.0 7453.897541922701 34708.384195478444 6.739123540634467e+32
57604552.0 7453.682019930886 34698.28037755534 6.732021111358744e+32
57704552.0 7453.466497939071 34688.176559632244 6.72491868208302e+32
57804552.0 7453.250975947256 34678.07274170914 6.717816252807297e+32
57904552.0 7453.035453955441 34667.96892378604 6.710713823531573e+32
58004552.0 7452.819931963626 34657.86510586293 6.70361139425585e+32
58104552.0 7452.604409971811 34647.76128793983 6.696508964980126e+32
58204552.0 7452.388887979996 34637.657470016726 6.689406535704401e+32
58304552.0 7452.17336598818 34627.55365209362 6.682304106428679e+32
58404552.0 7451.957843996365 34617.44983417052 6.675201677152954e+32
58504552.0 7451.74232200455 34607.34601624742 6.66809924787723e+32
58604552.0 7451.526800012735 34597.24219832432 6.660996818601507e+32
58704552.0 7451.31127802092 34587.138380401215 6.653894389325784e+32
58804552.0 7451.095756029105 34577.03456247811 6.64679196005006e+32
58904552.0 7450.88023403729 34566.93074455501 6.639689530774337e+32
59004552.0 7450.664712045475 34556.826926631904 6.632587101498613e+32
59104552.0 7450.4491900536605 34546.7231087088 6.62548467222289e+32
59204552.0 7450.233668061845 34536.6192907857 6.618382242947165e+32
59304552.0 7450.01814607003 34526.5154728626 6.611279813671441e+32
59404552.0 7449.802624078215 34516.4116549395 6.604177384395718e+32
59504552.0 7449.5871020864 34506.30783701639 6.597074955119994e+32
59604552.0 7449.371580094585 34496.20401909329 6.58997252584427e+32
59704552.0 7449.15605810277 34486.100201170186 6.582870096568547e+32
59804552.0 7448.940536110955 34475.99638324708 6.575767667292824e+32
59904552.0 7448.72501411914 34465.89256532398 6.5686652380171e+32
60004552.0 7448.509492127325 34455.788747400875 6.561562808741375e+32
60104552.0 7448.29397013551 34445.68492947778 6.554460379465653e+32
60204552.0 7448.078448143694 34435.581111554675 6.547357950189928e+32
60304552.0 7447.862926151879 34425.47729363157 6.540255520914205e+32
60404552.0 7447.647404160064 34415.37347570847 6.533153091638481e+32
60504552.0 7447.431882168249 34405.269657785364 6.526050662362758e+32
60604552.0 7447.216360176434 34395.16583986226 6.518948233087034e+32
60704552.0 7447.000838184619 34385.06202193916 6.511845803811311e+32
60804552.0 7446.785316192804 34374.95820401605 6.504743374535587e+32
60904552.0 7446.569794200989 34364.85438609296 6.497640945259862e+32
61004552.0 7446.354272209174 34354.75056816985 6.49053851598414e+32
61104552.0 7446.138750217358 34344.64675024675 6.4834360867084154e+32
61204552.0 7445.923228225543 34334.542932323646 6.476333657432692e+32
61304552.0 7445.7077062337285 34324.43911440054 6.4692312281569684e+32
61404552.0 7445.4921842419135 34314.33529647744 6.462128798881245e+32
61504552.0 7445.2766622500985 34304.231478554335 6.4550263696055214e+32
61604552.0 7445.061140258284 34294.12766063123 6.447923940329798e+32
61704552.0 7444.845618266469 34284.023842708135 6.4408215110540744e+32
61804552.0 7444.630096274654 34273.92002478503 6.433719081778351e+32
61904552.0 7444.414574282839 34263.81620686193 6.426616652502627e+32
62004552.0 7444.199052291024 34253.712388938824 6.419514223226903e+32
62104552.0 7443.983530299208 34243.60857101572 6.41241179395118e+32
62204552.0 7443.768008307393 34233.50475309262 6.4053093646754555e+32
62304552.0 7443.552486315578 34223.40093516951 6.398206935399732e+32
62404552.0 7443.336964323763 34213.29711724641 6.3911045061240085e+32
62504552.0 7443.121442331948 34203.193299323306 6.384002076848285e+32
62604552.0 7442.905920340133 34193.08948140021 6.3768996475725615e+32
62704552.0 7442.690398348318 34182.985663477106 6.369797218296838e+32
62804552.0 7442.474876356503 34172.881845554 6.362694789021114e+32
62904552.0 7442.259354364688 34162.7780276309 6.355592359745391e+32
63004552.0 7442.043832372872 34152.674209707795 6.348489930469666e+32
63104552.0 7441.828310381057 34142.57039178469 6.341387501193943e+32
63204552.0 7441.612788389242 34132.46657386159 6.334285071918219e+32
63304552.0 7441.397266397427 34122.36275593849 6.3271826426424956e+32
63404552.0 7441.181744405612 34112.25893801539 6.320080213366772e+32
63504552.0 7440.966222413797 34102.155120092284 6.3129777840910486e+32
63604552.0 7440.750700421982 34092.05130216918 6.305875354815325e+32
63704552.0 7440.535178430167 34081.94748424608 6.298772925539601e+32
63804552.0 7440.3196564383525 34071.84366632297 6.2916704962638774e+32
63904552.0 7440.1041344465375 34061.73984839987 6.284568066988153e+32
64004552.0 7439.888612454722 34051.63603047677 6.2774656377124304e+32
64104552.0 7439.673090462907 34041.53221255366 6.270363208436706e+32
64204552.0 7439.457568471092 34031.428394630566 6.263260779160983e+32
64304552.0 7439.242046479277 34021.32457670746 6.256158349885259e+32
64404552.0 7439.026524487462 34011.22075878436 6.249055920609536e+32
64504552.0 7438.811002495647 34001.116940861255 6.241953491333812e+32
64604552.0 7438.595480503832 33991.01312293815 6.234851062058089e+32
64704552.0 7438.379958512017 33980.90930501505 6.2277486327823645e+32
64804552.0 7438.164436520202 33970.805487091944 6.22064620350664e+32
64904552.0 7437.948914528386 33960.70166916885 6.213543774230917e+32
65004552.0 7437.733392536571 33950.597851245744 6.206441344955193e+32
65104552.0 7437.517870544756 33940.49403332264 6.19933891567947e+32
65204552.0 7437.302348552941 33930.39021539954 6.192236486403746e+32
65304552.0 7437.086826561126 33920.28639747643 6.185134057128023e+32
65404552.0 7436.871304569311 33910.18257955333 6.1780316278522985e+32
65504552.0 7436.655782577496 33900.078761630226 6.170929198576576e+32
65604552.0 7436.440260585681 33889.97494370712 6.1638267693008516e+32
65704552.0 7436.224738593866 33879.87112578402 6.156724340025128e+32
65804552.0 7436.009216602051 33869.76730786092 6.149621910749404e+32
65904552.0 7435.793694610235 33859.66348993782 6.142519481473681e+32
66004552.0 7435.5781726184205 33849.559672014715 6.135417052197957e+32
66104552.0 7435.3626506266055 33839.45585409161 6.128314622922233e+32
66204552.0 7435.1471286347905 33829.35203616851 6.12121219364651e+32
66304552.0 7434.931606642976 33819.248218245404 6.1141097643707864e+32
66404552.0 7434.716084651161 33809.1444003223 6.107007335095063e+32
66504552.0 7434.500562659346 33799.040582399204 6.099904905819338e+32
66604552.0 7434.285040667531 33788.9367644761 6.092802476543615e+32
66704552.0 7434.069518675716 33778.832946553 6.085700047267891e+32
66804552.0 7433.8539966839 33768.72912862989 6.0785976179921674e+32
66904552.0 7433.638474692085 33758.62531070679 6.071495188716444e+32
67004552.0 7433.42295270027 33748.521492783686 6.0643927594407204e+32
67104552.0 7433.207430708455 33738.41767486058 6.057290330164997e+32
67204552.0 7432.99190871664 33728.31385693748 6.0501879008892735e+32
67304552.0 7432.776386724825 33718.210039014375 6.043085471613549e+32
67404552.0 7432.56086473301 33708.10622109128 6.0359830423378265e+32
67504552.0 7432.345342741195 33698.002403168175 6.028880613062102e+32
67604552.0 7432.12982074938 33687.89858524507 6.021778183786379e+32
67704552.0 7431.914298757565 33677.79476732197 6.0146757545106545e+32
67804552.0 7431.698776765749 33667.690949398864 6.007573325234932e+32
67904552.0 7431.483254773934 33657.58713147576 6.0004708959592075e+32
68004552.0 7431.267732782119 33647.48331355266 5.993368466683483e+32
68104552.0 7431.052210790304 33637.37949562956 5.9862660374077605e+32
68204552.0 7430.836688798489 33627.27567770646 5.979163608132036e+32
68304552.0 7430.621166806674 33617.17185978335 5.972061178856313e+32
68404552.0 7430.405644814859 33607.06804186025 5.964958749580589e+32
68504552.0 7430.1901228230445 33596.964223937146 5.957856320304866e+32
68604552.0 7429.9746008312295 33586.86040601404 5.9507538910291416e+32
68704552.0 7429.759078839414 33576.75658809094 5.943651461753419e+32
68804552.0 7429.543556847599 33566.652770167835 5.9365490324776946e+32
68904552.0 7429.328034855784 33556.54895224473 5.929446603201971e+32
69004552.0 7429.112512863969 33546.445134321635 5.9223441739262476e+32
69104552.0 7428.896990872154 33536.34131639853 5.915241744650524e+32
69204552.0 7428.681468880339 33526.23749847543 5.9081393153748e+32
69304552.0 7428.465946888524 33516.133680552324 5.9010368860990764e+32
69404552.0 7428.250424896709 33506.02986262922 5.893934456823353e+32
69504552.0 7428.034902904894 33495.92604470612 5.8868320275476294e+32
69604552.0 7427.819380913079 33485.82222678301 5.879729598271905e+32
69704552.0 7427.603858921263 33475.71840885991 5.872627168996182e+32
69804552.0 7427.388336929448 33465.61459093681 5.865524739720458e+32
69904552.0 7427.172814937633 33455.51077301371 5.858422310444734e+32
70004552.0 7426.957292945818 33445.406955090606 5.851319881169011e+32
70104552.0 7426.741770954003 33435.3031371675 5.844217451893287e+32
70204552.0 7426.526248962188 33425.1993192444 5.8371150226175635e+32
70304552.0 7426.310726970373 33415.095501321295 5.83001259334184e+32
70404552.0 7426.095204978558 33404.99168339819 5.8229101640661165e+32
70504552.0 7425.879682986743 33394.88786547509 5.815807734790392e+32
70604552.0 7425.664160994927 33384.78404755199 5.8087053055146695e+32
70704552.0 7425.4486390031125 33374.68022962889 5.801602876238945e+32
70804552.0 7425.2331170112975 33364.576411705784 5.794500446963222e+32
70904552.0 7425.0175950194825 33354.47259378268 5.787398017687498e+32
71004552.0 7424.802073027668 33344.36877585958 5.780295588411775e+32
71104552.0 7424.586551035853 33334.26495793647 5.7731931591360506e+32
71204552.0 7424.371029044038 33324.16114001337 5.766090729860327e+32
71304552.0 7424.155507052223 33314.05732209027 5.7589883005846036e+32
71404552.0 7423.939985060408 33303.95350416716 5.7518858713088794e+32
71504552.0 7423.724463068593 33293.849686244066 5.744783442033156e+32
71604552.0 7423.508941076777 33283.74586832096 5.7376810127574324e+32
71704552.0 7423.293419084962 33273.64205039786 5.730578583481709e+32
71804552.0 7423.077897093147 33263.538232474755 5.723476154205985e+32
71904552.0 7422.862375101332 33253.43441455165 5.716373724930262e+32
72004552.0 7422.646853109517 33243.33059662855 5.709271295654538e+32
72104552.0 7422.431331117702 33233.226778705444 5.702168866378814e+32
72204552.0 7422.215809125887 33223.12296078235 5.695066437103091e+32
72304552.0 7422.000287134072 33213.019142859244 5.687964007827367e+32
72404552.0 7421.784765142257 33202.91532493614 5.680861578551643e+32
72504552.0 7421.569243150441 33192.81150701304 5.67375914927592e+32
72604552.0 7421.353721158626 33182.70768908993 5.666656720000196e+32
72704552.0 7421.138199166811 33172.60387116683 5.6595542907244725e+32
72804552.0 7420.922677174996 33162.500053243726 5.652451861448749e+32
72904552.0 7420.707155183181 33152.39623532062 5.645349432173025e+32
73004552.0 7420.491633191366 33142.292417397526 5.638247002897301e+32
73104552.0 7420.276111199551 33132.18859947442 5.631144573621578e+32
73204552.0 7420.0605892077365 33122.08478155132 5.624042144345854e+32
73304552.0 7419.8450672159215 33111.980963628215 5.61693971507013e+32
73404552.0 7419.629545224107 33101.87714570511 5.6098372857944066e+32
73504552.0 7419.414023232291 33091.77332778201 5.602734856518683e+32
73604552.0 7419.198501240476 33081.669509858904 5.5956324272429596e+32
73704552.0 7418.982979248661 33071.5656919358 5.5885299979672354e+32
73804552.0 7418.767457256846 33061.461874012704 5.5814275686915126e+32
73904552.0 7418.551935265031 33051.3580560896 5.5743251394157884e+32
74004552.0 7418.336413273216 33041.2542381665 5.567222710140065e+32
74104552.0 7418.120891281401 33031.15042024339 5.5601202808643414e+32
74204552.0 7417.905369289586 33021.04660232029 5.553017851588618e+32
74304552.0 7417.689847297771 33010.942784397186 5.545915422312894e+32
74404552.0 7417.474325305955 33000.83896647408 5.538812993037171e+32
74504552.0 7417.25880331414 32990.73514855098 5.531710563761447e+32
74604552.0 7417.043281322325 32980.631330627875 5.5246081344857225e+32
74704552.0 7416.82775933051 32970.52751270478 5.51750570521e+32
74804552.0 7416.612237338695 32960.423694781675 5.5104032759342755e+32
74904552.0 7416.39671534688 32950.31987685857 5.503300846658552e+32
75004552.0 7416.181193355065 32940.21605893547 5.4961984173828285e+32
75104552.0 7415.96567136325 32930.112241012364 5.489095988107105e+32
75204552.0 7415.750149371435 32920.00842308926 5.481993558831381e+32
75304552.0 7415.53462737962 32909.90460516616 5.474891129555657e+32
75404552.0 7415.3191053878045 32899.80078724306 5.467788700279934e+32
75504552.0 7415.1035833959895 32889.69696931996 5.46068627100421e+32
75604552.0 7414.888061404175 32879.59315139685 5.453583841728486e+32
75704552.0 7414.67253941236 32869.48933347375 5.446481412452763e+32
75804552.0 7414.457017420545 32859.385515550646 5.439378983177039e+32
75904552.0 7414.24149542873 32849.28169762754 5.4322765539013156e+32
76004552.0 7414.025973436915 32839.17787970444 5.425174124625592e+32
76104552.0 7413.8104514451 32829.074061781335 5.418071695349868e+32
76204552.0 7413.594929453285 32818.97024385823 5.4109692660741444e+32
76304552.0 7413.379407461469 32808.866425935135 5.403866836798421e+32
76404552.0 7413.163885469654 32798.76260801203 5.3967644075226974e+32
76504552.0 7412.948363477839 32788.65879008893 5.389661978246973e+32
76604552.0 7412.732841486024 32778.554972165824 5.38255954897125e+32
76704552.0 7412.517319494209 32768.45115424272 5.375457119695526e+32
76804552.0 7412.301797502394 32758.347336319617 5.368354690419803e+32
76904552.0 7412.086275510579 32748.243518396517 5.3612522611440785e+32
77004552.0 7411.870753518764 32738.139700473414 5.354149831868356e+32
77104552.0 7411.655231526949 32728.03588255031 5.3470474025926315e+32
77204552.0 7411.439709535134 32717.93206462721 5.339944973316908e+32
77304552.0 7411.224187543318 32707.828246704106 5.3328425440411845e+32
77404552.0 7411.008665551503 32697.724428781003 5.325740114765461e+32
77504552.0 7410.793143559688 32687.6206108579 5.318637685489737e+32
77604552.0 7410.577621567873 32677.5167929348 5.311535256214014e+32
77704552.0 7410.362099576058 32667.412975011695 5.30443282693829e+32
77804552.0 7410.1465775842435 32657.30915708859 5.2973303976625655e+32
77904552.0 7409.9310555924285 32647.205339165488 5.290227968386843e+32
78004552.0 7409.7155336006135 32637.101521242388 5.2831255391111186e+32
78104552.0 7409.500011608799 32626.997703319284 5.276023109835395e+32
78204552.0 7409.284489616983 32616.89388539618 5.2689206805596716e+32
78304552.0 7409.068967625168 32606.790067473077 5.261818251283948e+32
78404552.0 7408.853445633353 32596.686249549974 5.254715822008224e+32
78504552.0 7408.637923641538 32586.582431626874 5.2476133927325e+32
78604552.0 7408.422401649723 32576.47861370377 5.240510963456777e+32
78704552.0 7408.206879657908 32566.374795780666 5.2334085341810534e+32
78804552.0 7407.991357666093 32556.270977857566 5.226306104905329e+32
78904552.0 7407.775835674278 32546.167159934463 5.2192036756296064e+32
79004552.0 7407.560313682463 32536.06334201136 5.212101246353882e+32
79104552.0 7407.344791690648 32525.959524088255 5.204998817078159e+32
79204552.0 7407.129269698832 32515.85570616515 5.197896387802435e+32
79304552.0 7406.913747707017 32505.751888242048 5.190793958526711e+32
79404552.0 7406.698225715202 32495.648070318948 5.1836915292509874e+32
79504552.0 7406.482703723387 32485.544252395845 5.176589099975264e+32
79604552.0 7406.267181731572 32475.440434472745 5.1694866706995405e+32
79704552.0 7406.051659739757 32465.33661654964 5.162384241423816e+32
79804552.0 7405.836137747942 32455.232798626537 5.1552818121480935e+32
79904552.0 7405.620615756127 32445.128980703434 5.148179382872369e+32
80004552.0 7405.405093764312 32435.02516278033 5.141076953596646e+32
80104552.0 7405.1895717724965 32424.92134485723 5.133974524320922e+32
80204552.0 7404.9740497806815 32414.817526934126 5.126872095045199e+32
80304552.0 7404.758527788867 32404.713709011023 5.1197696657694745e+32
80404552.0 7404.543005797052 32394.609891087923 5.112667236493751e+32
80504552.0 7404.327483805237 32384.50607316482 5.1055648072180275e+32
80604552.0 7404.111961813422 32374.402255241715 5.098462377942304e+32
80704552.0 7403.896439821607 32364.298437318612 5.09135994866658e+32
80804552.0 7403.680917829792 32354.19461939551 5.084257519390857e+32
80904552.0 7403.465395837977 32344.09080147241 5.077155090115133e+32
81004552.0 7403.249873846162 32333.986983549305 5.0700526608394086e+32
81104552.0 7403.034351854346 32323.8831656262 5.062950231563686e+32
81204552.0 7402.818829862531 32313.779347703097 5.0558478022879616e+32
81304552.0 7402.603307870716 32303.675529779997 5.048745373012238e+32
81404552.0 7402.387785878901 32293.571711856894 5.0416429437365146e+32
81504552.0 7402.172263887086 32283.46789393379 5.034540514460791e+32
81604552.0 7401.956741895271 32273.364076010686 5.027438085185067e+32
81704552.0 7401.741219903456 32263.260258087586 5.020335655909344e+32
81804552.0 7401.525697911641 32253.156440164483 5.01323322663362e+32
81904552.0 7401.310175919826 32243.05262224138 5.0061307973578964e+32
82004552.0 7401.09465392801 32232.948804318276 4.999028368082173e+32
82104552.0 7400.879131936195 32222.844986395176 4.9919259388064494e+32
82204552.0 7400.66360994438 32212.741168472072 4.984823509530725e+32
82304552.0 7400.448087952565 32202.63735054897 4.977721080255002e+32
82404552.0 7400.23256596075 32192.533532625865 4.970618650979278e+32
82504552.0 7400.0170439689355 32182.42971470276 4.963516221703554e+32
82604552.0 7399.8015219771205 32172.32589677966 4.9564137924278305e+32
82704552.0 7399.5859999853055 32162.222078856557 4.949311363152107e+32
82804552.0 7399.370477993491 32152.118260933457 4.9422089338763835e+32
82904552.0 7399.154956001676 32142.014443010354 4.935106504600659e+32
83004552.0 7398.93943400986 32131.91062508725 4.9280040753249365e+32
83104552.0 7398.723912018045 32121.806807164146 4.920901646049212e+32
83204552.0 7398.50839002623 32111.702989241043 4.913799216773489e+32
83304552.0 7398.292868034415 32101.59917131794 4.906696787497765e+32
83404552.0 7398.0773460426 32091.49535339484 4.899594358222042e+32
83504552.0 7397.861824050785 32081.391535471736 4.8924919289463176e+32
83604552.0 7397.64630205897 32071.287717548636 4.885389499670595e+32
83704552.0 7397.430780067155 32061.183899625532 4.8782870703948706e+32
83804552.0 7397.21525807534 32051.08008170243 4.871184641119147e+32
83904552.0 7396.999736083524 32040.976263779325 4.8640822118434236e+32
84004552.0 7396.784214091709 32030.87244585622 4.8569797825677e+32
84104552.0 7396.568692099894 32020.768627933117 4.849877353291976e+32
84204552.0 7396.353170108079 32010.664810010017 4.8427749240162524e+32
84304552.0 7396.137648116264 32000.560992086914 4.835672494740529e+32
84404552.0 7395.922126124449 31990.45717416381 4.828570065464805e+32
84504552.0 7395.706604132634 31980.35335624071 4.821467636189081e+32
84604552.0 7395.491082140819 31970.249538317606 4.814365206913358e+32
84704552.0 7395.275560149004 31960.145720394503 4.807262777637634e+32
84804552.0 7395.060038157189 31950.0419024714 4.80016034836191e+32
84904552.0 7394.8445161653735 31939.9380845483 4.793057919086187e+32
85004552.0 7394.628994173559 31929.834266625196 4.785955489810463e+32
85104552.0 7394.413472181744 31919.730448702092 4.7788530605347395e+32
85204552.0 7394.197950189929 31909.62663077899 4.771750631259016e+32
85304552.0 7393.982428198114 31899.52281285589 4.7646482019832925e+32
85404552.0 7393.766906206299 31889.418994932785 4.757545772707568e+32
85504552.0 7393.551384214484 31879.31517700968 4.7504433434318455e+32
85604552.0 7393.335862222669 31869.211359086577 4.743340914156121e+32
85704552.0 7393.120340230854 31859.107541163474 4.736238484880397e+32
85804552.0 7392.904818239038 31849.003723240374 4.729136055604674e+32
85904552.0 7392.689296247223 31838.89990531727 4.72203362632895e+32
86004552.0 7392.473774255408 31828.796087394167 4.7149311970532266e+32
86104552.0 7392.258252263593 31818.692269471067 4.7078287677775024e+32
86204552.0 7392.042730271778 31808.588451547963 4.7007263385017796e+32
86304552.0 7391.827208279963 31798.48463362486 4.6936239092260554e+32
86404552.0 7391.611686288148 31788.380815701756 4.686521479950332e+32
86504552.0 7391.396164296333 31778.276997778652 4.6794190506746084e+32
86604552.0 7391.180642304518 31768.173179855552 4.672316621398885e+32
86704552.0 7390.965120312703 31758.06936193245 4.665214192123161e+32
86804552.0 7390.749598320887 31747.96554400935 4.658111762847438e+32
86904552.0 7390.534076329072 31737.861726086245 4.651009333571714e+32
87004552.0 7390.318554337257 31727.75790816314 4.64390690429599e+32
87104552.0 7390.103032345442 31717.654090240037 4.636804475020267e+32
87204552.0 7389.8875103536275 31707.550272316934 4.629702045744543e+32
87304552.0 7389.6719883618125 31697.44645439383 4.622599616468819e+32
87404552.0 7389.4564663699975 31687.34263647073 4.6154971871930955e+32
87504552.0 7389.240944378183 31677.238818547627 4.608394757917372e+32
87604552.0 7389.025422386368 31667.135000624523 4.601292328641648e+32
87704552.0 7388.809900394552 31657.031182701423 4.594189899365924e+32
87804552.0 7388.594378402737 31646.92736477832 4.587087470090201e+32
87904552.0 7388.378856410922 31636.823546855216 4.579985040814477e+32
88004552.0 7388.163334419107 31626.719728932112 4.572882611538753e+32
88104552.0 7387.947812427292 31616.61591100901 4.56578018226303e+32
88204552.0 7387.732290435477 31606.51209308591 4.558677752987306e+32
88304552.0 7387.516768443662 31596.408275162805 4.5515753237115826e+32
88404552.0 7387.301246451847 31586.3044572397 4.544472894435859e+32
88504552.0 7387.085724460032 31576.2006393166 4.5373704651601356e+32
88604552.0 7386.870202468217 31566.096821393498 4.5302680358844114e+32
88704552.0 7386.654680476401 31555.993003470394 4.5231656066086886e+32
88804552.0 7386.439158484586 31545.88918554729 4.5160631773329644e+32
88904552.0 7386.223636492771 31535.785367624187 4.508960748057241e+32
89004552.0 7386.008114500956 31525.681549701087 4.5018583187815174e+32
89104552.0 7385.792592509141 31515.577731777983 4.494755889505793e+32
89204552.0 7385.577070517326 31505.47391385488 4.48765346023007e+32
89304552.0 7385.361548525511 31495.37009593178 4.480551030954346e+32
89404552.0 7385.146026533696 31485.266278008676 4.473448601678623e+32
89504552.0 7384.930504541881 31475.162460085572 4.4663461724028985e+32
89604552.0 7384.7149825500655 31465.05864216247 4.459243743127175e+32
89704552.0 7384.499460558251 31454.954824239365 4.4521413138514515e+32
89804552.0 7384.283938566436 31444.851006316265 4.445038884575728e+32
89904552.0 7384.068416574621 31434.74718839316 4.437936455300004e+32
90004552.0 7383.852894582806 31424.643370470058 4.430834026024281e+32
90104552.0 7383.637372590991 31414.539552546958 4.423731596748557e+32
90204552.0 7383.421850599176 31404.435734623854 4.416629167472833e+32
90304552.0 7383.206328607361 31394.33191670075 4.40952673819711e+32
90404552.0 7382.990806615546 31384.228098777647 4.402424308921386e+32
90504552.0 7382.775284623731 31374.124280854543 4.395321879645662e+32
90604552.0 7382.559762631915 31364.02046293144 4.3882194503699386e+32
90704552.0 7382.3442406401 31353.91664500834 4.381117021094215e+32
90804552.0 7382.128718648285 31343.812827085236 4.374014591818491e+32
90904552.0 7381.91319665647 31333.709009162136 4.366912162542768e+32
91004552.0 7381.697674664655 31323.605191239032 4.359809733267044e+32
91104552.0 7381.48215267284 31313.50137331593 4.3527073039913204e+32
91204552.0 7381.266630681025 31303.397555392825 4.345604874715597e+32
91304552.0 7381.05110868921 31293.29373746972 4.3385024454398734e+32
91404552.0 7380.835586697395 31283.18991954662 4.331400016164149e+32
91504552.0 7380.620064705579 31273.086101623518 4.324297586888426e+32
91604552.0 7380.404542713764 31262.982283700414 4.317195157612702e+32
91704552.0 7380.189020721949 31252.878465777314 4.310092728336979e+32
91804552.0 7379.973498730134 31242.77464785421 4.3029902990612544e+32
91904552.0 7379.7579767383195 31232.670829931107 4.295887869785532e+32
92004552.0 7379.5424547465045 31222.567012008003 4.2887854405098075e+32
92104552.0 7379.32693275469 31212.4631940849 4.281683011234084e+32
92204552.0 7379.111410762875 31202.3593761618 4.2745805819583605e+32
92304552.0 7378.89588877106 31192.255558238696 4.267478152682636e+32
92404552.0 7378.680366779245 31182.151740315592 4.260375723406913e+32
92504552.0 7378.464844787429 31172.04792239249 4.253273294131189e+32
92604552.0 7378.249322795614 31161.94410446939 4.246170864855466e+32
92704552.0 7378.033800803799 31151.840286546285 4.2390684355797415e+32
92804552.0 7377.818278811984 31141.73646862318 4.231966006304019e+32
92904552.0 7377.602756820169 31131.632650700078 4.2248635770282945e+32
93004552.0 7377.387234828354 31121.528832776978 4.217761147752571e+32
93104552.0 7377.171712836539 31111.425014853874 4.2106587184768476e+32
93204552.0 7376.956190844724 31101.32119693077 4.203556289201124e+32
93304552.0 7376.740668852909 31091.217379007667 4.1964538599254e+32
93404552.0 7376.525146861094 31081.113561084567 4.189351430649676e+32
93504552.0 7376.309624869278 31071.009743161463 4.182249001373953e+32
93604552.0 7376.094102877463 31060.90592523836 4.175146572098229e+32
93704552.0 7375.878580885648 31050.802107315256 4.168044142822505e+32
93804552.0 7375.663058893833 31040.698289392152 4.1609417135467816e+32
93904552.0 7375.447536902018 31030.594471469052 4.153839284271058e+32
94004552.0 7375.232014910203 31020.49065354595 4.146736854995334e+32
94104552.0 7375.016492918388 31010.38683562285 4.139634425719611e+32
94204552.0 7374.800970926573 31000.283017699745 4.132531996443887e+32
94304552.0 7374.5854489347585 30990.17919977664 4.1254295671681634e+32
94404552.0 7374.369926942943 30980.075381853538 4.11832713789244e+32
94504552.0 7374.154404951128 30969.971563930434 4.1112247086167164e+32
94604552.0 7373.938882959313 30959.86774600733 4.104122279340992e+32
94704552.0 7373.723360967498 30949.76392808423 4.0970198500652694e+32
94804552.0 7373.507838975683 30939.660110161127 4.089917420789545e+32
94904552.0 7373.292316983868 30929.556292238027 4.082814991513822e+32
95004552.0 7373.076794992053 30919.452474314923 4.075712562238098e+32
95104552.0 7372.861273000238 30909.34865639182 4.068610132962375e+32
95204552.0 7372.645751008423 30899.244838468716 4.0615077036866505e+32
95304552.0 7372.430229016608 30889.141020545612 4.054405274410927e+32
95404552.0 7372.214707024792 30879.03720262251 4.0473028451352035e+32
95504552.0 7371.999185032977 30868.93338469941 4.040200415859479e+32
95604552.0 7371.783663041162 30858.829566776305 4.033097986583756e+32
95704552.0 7371.568141049347 30848.7257488532 4.025995557308032e+32
95804552.0 7371.352619057532 30838.6219309301 4.018893128032309e+32
95904552.0 7371.137097065717 30828.518113006998 4.0117906987565846e+32
96004552.0 7370.921575073902 30818.414295083894 4.004688269480862e+32
96104552.0 7370.706053082087 30808.31047716079 3.9975858402051376e+32
96204552.0 7370.490531090272 30798.20665923769 3.990483410929414e+32
96304552.0 7370.275009098456 30788.102841314587 3.9833809816536906e+32
96404552.0 7370.059487106641 30777.999023391483 3.976278552377967e+32
96504552.0 7369.8439651148265 30767.89520546838 3.969176123102243e+32
96604552.0 7369.6284431230115 30757.79138754528 3.96207369382652e+32
96704552.0 7369.4129211311965 30747.687569622176 3.954971264550796e+32
96804552.0 7369.197399139382 30737.583751699072 3.9478688352750724e+32
96904552.0 7368.981877147567 30727.47993377597 3.940766405999349e+32
97004552.0 7368.766355155752 30717.376115852865 3.933663976723625e+32
97104552.0 7368.550833163937 30707.272297929765 3.926561547447901e+32
97204552.0 7368.335311172121 30697.16848000666 3.919459118172177e+32
97304552.0 7368.119789180306 30687.064662083558 3.912356688896454e+32
97404552.0 7367.904267188491 30676.960844160458 3.90525425962073e+32
97504552.0 7367.688745196676 30666.857026237354 3.8981518303450065e+32
97604552.0 7367.473223204861 30656.75320831425 3.891049401069283e+32
97704552.0 7367.257701213046 30646.649390391147 3.8839469717935595e+32
97804552.0 7367.042179221231 30636.545572468043 3.876844542517835e+32
97904552.0 7366.826657229416 30626.441754544943 3.8697421132421125e+32
98004552.0 7366.611135237601 30616.33793662184 3.862639683966388e+32
98104552.0 7366.395613245786 30606.234118698736 3.855537254690665e+32
98204552.0 7366.18009125397 30596.130300775636 3.848434825414941e+32
98304552.0 7365.964569262155 30586.026482852532 3.841332396139218e+32
98404552.0 7365.74904727034 30575.92266492943 3.8342299668634936e+32
98504552.0 7365.533525278525 30565.818847006325 3.82712753758777e+32
98604552.0 7365.31800328671 30555.71502908322 3.8200251083120466e+32
98704552.0 7365.102481294895 30545.61121116012 3.8129226790363224e+32
98804552.0 7364.88695930308 30535.507393237018 3.805820249760599e+32
98904552.0 7364.671437311265 30525.403575313914 3.7987178204848754e+32
99004552.0 7364.4559153194505 30515.299757390814 3.791615391209152e+32
99104552.0 7364.240393327635 30505.19593946771 3.784512961933428e+32
99204552.0 7364.02487133582 30495.092121544607 3.777410532657705e+32
99304552.0 7363.809349344005 30484.988303621503 3.770308103381981e+32
99404552.0 7363.59382735219 30474.8844856984 3.763205674106257e+32
99504552.0 7363.378305360375 30464.7806677753 3.756103244830534e+32
99604552.0 7363.16278336856 30454.676849852196 3.74900081555481e+32
99704552.0 7362.947261376745 30444.573031929092 3.741898386279086e+32
99804552.0 7362.73173938493 30434.469214005992 3.734795957003363e+32
99904552.0 7362.516217393115 30424.36539608289 3.727693527727639e+32
100004552.0 7362.3006954013 30414.261578159785 3.7205910984519155e+32
