0.102868497 5.40062571
 0.108746275 5.31582880
 0.114905596 4.59490299
 0.121341400 3.93804455
 0.128047556 4.32682085
 0.135014877 5.79179907
 0.142227888 7.87616253
 0.149668157 9.90100956
 0.157310307 12.6412582
 0.165121496 14.9618282
 0.173060864 19.3753510
 0.181044489 26.2453823
 0.188909128 35.2769089
 0.196525916 46.0340767
 0.203783691 57.7623825
 0.210556641 69.7761612
 0.216827020 82.2034073
 0.222644776 95.0128860
 0.228057712 107.593658
 0.233106822 119.296310
 0.237827092 130.480927
 0.242249995 141.458038
 0.246402413 152.309021
 0.250307202 162.842285
 0.253986150 173.122894
 0.257461429 183.021805
 0.260760248 192.729980
 0.263910860 202.563721
 0.266937613 212.586151
 0.269861579 223.016586
 0.272700846 234.139282
 0.275471389 245.282700
 0.278186977 254.796021
 0.280860692 217.788605
 0.283502162 150.124451
 0.286122143 110.576508
 0.288730770 116.255089
 0.291339070 122.767448
 0.293954074 129.264008
 0.296582520 135.971069
 0.299236715 142.862839
 0.301921010 150.014969
 0.304644167 157.399704
 0.307416946 165.058655
 0.310246348 173.076538
 0.313140988 181.730072
 0.316109538 190.840408
 0.319160938 200.362717
 0.322304517 209.960342
 0.325549603 219.817459
 0.328906298 230.110718
 0.332382649 240.833511
 0.335991144 252.007477
 0.339742601 263.854919
 0.343644172 277.122437
 0.347706079 291.315277
 0.351937771 306.477478
 0.356347978 322.627991
 0.360942960 339.066406
 0.365727723 355.138153
 0.370703340 371.892670 
 0.375859618 389.408783
 0.381175816 406.993958
 0.386629403 423.103119
 0.392199278 441.913757
 0.397867024 464.965027
 0.403617680 483.604095
 0.409440249 440.977692
 0.415327847 423.534271
 0.421280563 444.788086
 0.427302569 463.964417
 0.433403134 482.880463
 0.439598680 502.295227
 0.445896447 524.484863
 0.452285707 546.886108
 0.458749205 568.061829
 0.465271384 588.643738
 0.471838802 608.954346
 0.478440166 628.981262
 0.485067099 648.037231
 0.491715014 667.474731
 0.498381913 688.843323
 0.505071223 705.129089
 0.511783481 720.786499
 0.518522143 740.074829
 0.525300145 758.754822
 0.532131314 777.484863
 0.539033294 795.161987
 0.546028256 711.113647
 0.553139567 691.230286
 0.560394764 711.537292
 0.567807555 724.551636
 0.575373888 741.945740
 0.583091795 761.833252
 0.590958118 780.621887
 0.598970115 798.161865
 0.607129455 814.713074
 0.615443826 834.800354
 0.623922944 854.192200
 0.632574975 869.687073
 0.641401887 887.548035
 0.650390744 911.592957
 0.659521699 932.745056
 0.668777585 948.820984
 0.678155124 971.478882
 0.687661231 986.265564
 0.697304964 1006.25073
 0.707088590 1020.30017
 0.717003226 1029.94128
 0.727026224 1044.95239
 0.737126231 1054.62476
 0.747270882 1072.49231
 0.757424474 1088.22156
 0.767557442 1101.30908
 0.777645409 1111.42505
 0.787668943 1116.61780
 0.797612429 1126.86182
 0.807468057 1137.46130
 0.817231774 1135.65881
 0.826916456 1124.23035
 0.836557984 1096.84253
 0.846191049 1091.71460 
 0.855852008 1101.09680
 0.865573585 1114.30591
 0.875382304 1123.85266
 0.885299981 1142.75195
 0.895347834 1164.45776
 0.905530930 1174.00220
 0.915838480 1185.42371
 0.926261783 1191.74670
 0.936786175 1195.71277
 0.947386146 1206.23389
 0.958037555 1216.73352
 0.968723178 1224.30029
 0.979423642 1236.76831
 0.990124941 1236.33459
 1.00081587 1236.69250
 1.01148844 1255.27625
 1.02213788 1263.06079
 1.03276277 1267.60547
 1.04336309 1280.56213
 1.05394721 1300.35840
 1.06452131 1308.85486
 1.07509232 1317.75562
 1.08567703 1322.51636
 1.09629226 1328.05029
 1.10694909 1339.69043
 1.11764526 1348.89380
 1.12837338 1357.88708
 1.13912296 1361.06396
 1.14989185 1366.24719
 1.16067159 1367.79028
 1.17145228 1371.29810
 1.18223238 1370.04675
 1.19300365 1380.28369
 1.20376039 1387.44287
 1.21449745 1394.05847
 1.22520983 1390.27771
 1.23589313 1396.31470
 1.24654353 1401.43201
 1.25715721 1394.62048
 1.26773083 1392.79456
 1.27826142 1396.86914
 1.28874660 1394.47400
 1.29918432 1391.28101
 1.30957103 1405.07385
 1.31990004 1407.38574
 1.33015382 1409.82971
 1.34031510 1412.92871
 1.35038996 1408.89087
 1.36041522 1415.96460
 1.37043953 1400.33606
 1.38050222 1414.87720
 1.39062929 1424.87451
 1.40083075 1420.89111
 1.41110504 1428.73706
 1.42143559 1421.07166
 1.43179083 1410.68530
 1.44212675 1416.94751
 1.45238113 1412.27881
 1.46247888 1408.78296
 1.47234511 1414.60205
 1.48191786 1410.92346 
 1.49118114 1404.21436
 1.50014496 1407.97839
 1.50881457 1422.12402
 1.51720726 1412.17163
 1.52534485 1402.37891
 1.53324795 1407.81995
 1.54093003 1423.38306
 1.54840159 1427.90491
 1.55567598 1355.83594
 1.56283724 1182.84326
 1.57007170 1191.31287
 1.57755816 1191.29395
 1.58538032 1194.16357
 1.59353805 1192.55249
 1.60202968 1191.10486
 1.61087966 1203.27551
 1.62010539 1200.34399
 1.62970519 1193.59814
 1.63966918 1196.20215
 1.64998555 1198.58179
 1.66064048 1198.61060
 1.67153764 1197.24939
 1.68248904 1201.01782
 1.69335079 1203.02332
 1.70408177 1200.27563
 1.71468782 1203.13953
 1.72517109 1194.88245
 1.73553348 1190.95691
 1.74578738 1196.42700
 1.75594234 1188.19690
 1.76601124 1182.35327
 1.77601743 1191.76123
 1.78598523 1187.26526
 1.79593730 1175.56262
 1.80589414 1163.29333
 1.81587553 1166.99817
 1.82589889 1157.35461
 1.83598065 1145.72412
 1.84613609 1125.13550
 1.85637903 1109.11316
 1.86672306 1101.59607
 1.87717533 1097.12964
 1.88772404 1092.34680
 1.89834714 1091.51184
 1.90902400 1085.25586
 1.91972852 1084.49292
 1.93042898 1080.49890
 1.94110060 1072.95312
 1.95172620 1067.12903
 1.96229458 1060.90576
 1.97279477 1053.57007
 1.98325002 1038.36304
 1.99366319 1034.96375
 2.00401402 1027.40674
 2.01431036 1010.26538
 2.02455282 992.445679
 2.03474283 985.240234
 2.04488039 979.581055
 2.05494976 974.369934
 2.06493425 965.542053
 2.07482433 947.709106 
 2.08461237 926.354675
 2.09429407 912.238953
 2.10384893 904.880737
 2.11323023 890.011780
 2.12238598 870.769714
 2.13127065 850.859741
 2.13986731 836.381409
 2.14817119 823.877014
 2.15618181 801.093201
 2.16391516 782.259888
 2.17139053 767.329346
 2.17864084 739.920166
 2.18570828 720.791504
 2.19264221 697.976685
 2.19948912 660.224121
 2.20628881 610.730408
 2.21307993 556.627686
 2.21990156 500.533447
 2.22679114 454.028656
 2.23378754 407.515778
 2.24093127 364.987061
 2.24826431 336.974976
 2.25583243 306.156128
 2.26368380 280.737305
 2.27187109 268.465088
 2.28042674 258.683533
 2.28936005 241.383194
 2.29868317 243.578354
 2.30838156 239.153839
 2.31840754 229.795959
 2.32869434 223.009262
 2.33916903 221.670563
 2.34976768 215.595276
 2.36045408 230.692566
 2.37121630 243.241302
 2.38204384 249.826950
 2.39292026 256.088013
 2.40383530 266.137024
 2.41478777 270.698761
 2.42577887 272.489655
 2.43681002 280.645691
 2.44787693 284.853302
 2.45897293 287.260376
 2.47009277 293.521790
 2.48123240 292.779968
 2.49239016 298.674133
 2.50356531 300.355896
 2.51475620 306.718292
 2.52596188 307.477600
 2.53717971 307.
 2.67227316 297.590912
 2.68353271 289.800507
 2.69478798 287.768219
 2.70603704 285.762573
 2.71727896 277.696289
 2.72851372 274.312103
 2.73974085 269.493805
 2.75095844 263.063995
 2.76216626 261.773590
 2.77336383 264.933594
 2.78455043 268.395874
 2.79572582 271.145996
 2.80688953 267.044434
 2.81804085 277.558441
 2.82917929 279.023834
 2.84030437 278.983490
 2.85141611 278.295471
 2.86251402 279.440735
 2.87359810 279.379761
 2.88466835 282.595398
 2.89572382 282.469360
 2.90676498 281.575928
 2.91779256 281.776367
 2.92880750 283.726501
 2.93984056 288.794189
 2.95083928 283.318848
 2.96180654 283.539185
 2.97280097 277.477478
 2.98379803 282.127625
 2.99480152 283.364014
 3.00581598 288.286377
 3.01684594 285.421600
 3.02789545 286.003204
 3.03897023 287.369568
 3.05007482 290.603058
 3.06121397 281.047852
 3.07239056 277.323059
 3.08359480 278.208618
 3.09481406 276.020386
 3.10604477 273.708466
 3.11728621 272.889801
 3.12854099 269.515533
 3.13981199 269.881470
 3.15109611 274.179688
 3.16238880 271.238892
 3.17368507 269.107788
 3.18498135 267.498535
 3.19627452 264.595367
 3.20756197 264.029602
 3.21884108 264.745178
 3.23011017 258.388245
 3.24136567 252.763519
 3.25260925 257.926483
 3.26383972 264.762543
 3.27505493 263.229919
 3.28625560 256.705872
 3.29744291 260.679382
 3.30861759 261.726379
 3.31978011 260.754456
 3.33093309 260.960388
 3.34207821 261.642029 
 3.35321569 254.031097
 3.36434841 259.284180
 3.37547684 255.179184
 3.38660288 256.680328
 3.39772749 256.266022
 3.40885210 255.012405
 3.41997814 249.135071
 3.43110609 252.566299
 3.44223928 245.420837
 3.45337629 247.769196
 3.46451926 245.391693
 3.47567081 242.819122
 3.48682928 246.899704
 3.49799705 249.821747
 3.50917482 243.883057
 3.52036428 246.507874
 3.53156614 246.902893
 3.54278111 241.583389
 3.55400944 247.321762
 3.56525135 248.925720
 3.57651258 241.509445
 3.58779263 237.966324
 3.59909058 241.260361
 3.61041260 239.074707
 3.62175703 239.069534
 3.63311768 239.750092
 3.64448929 239.234940
 3.65586734 241.069901
 3.66724777 238.718445
 3.67862797 238.819687
 3.69000649 236.753311
 3.70138264 229.447418
 3.71275616 228.517517
 3.72412825 229.354950
 3.73550129 235.626541
 3.74687672 236.499634
 3.75826073 229.040543
 3.76965904 227.301788
 3.78107262 230.329498
 3.79250169 231.210175
 3.80394030 228.510483
 3.81538248 226.805313
 3.82682443 222.763382
 3.83826017 220.463852
 3.84968519 221.303101
 3.86109591 223.839996
 3.87248755 223.640167
 3.88385534 221.419830
 3.89519858 221.094910
 3.90651822 224.262222
 3.91781783 216.657593
 3.92910266 219.484268
 3.94037700 219.558990
 3.95164585 211.691620
 3.96291018 211.304611
 3.97417641 216.229553
 3.98544693 215.634689
 3.99672079 209.858002
 4.00800419 209.545212
 4.01929808 208.743378
 4.03060436 211.918381 
 4.04192162 208.025757
 4.05325222 204.975189
 4.06460094 207.586639
 4.07596111 206.118332
 4.08733130 201.802963
 4.09871674 200.174225
 4.11011600 203.768448
 4.12152433 207.585052
 4.13294125 202.248383
 4.14436531 201.383057
 4.15579700 199.913147
 4.16723537 196.693863
 4.17867899 196.499008
 4.19012690 196.753235
 4.20157814 195.987915
 4.21303272 197.858597
 4.22448874 196.993057
 4.23594475 191.510559
 4.24740028 189.507202
 4.25885582 188.932068
 4.27030754 185.799026
 4.28175449 187.244049
 4.29319763 189.186859
 4.30463505 185.376831
 4.31606436 184.714691
 4.32748604 184.376953
 4.33889866 182.844452
 4.35029984 185.090881
 4.36168909 189.189575
 4.37306452 180.402527
 4.38442612 180.655792
 4.39577198 181.313507
 4.40709877 181.507370
 4.41840315 182.000168
 4.42968464 177.831909
 4.44094753 177.032242
 4.45219994 176.185364
 4.46344566 176.438217
 4.47469044 174.026031
 4.48594475 176.769012
 4.49720860 173.543243
 4.50848341 169.629486
 4.51977634 171.688095
 4.53108740 170.395325
 4.54241562 168.986404
 4.55375957 168.171768
 4.56511593 168.991318
 4.57648230 170.115829
 4.58785629 167.343887
 4.59923840 167.211594
 4.61062717 167.627365
 4.62202120 164.323486
 4.63342094 163.110764
 4.64482975 159.284592
 4.65625572 156.466888
 4.66770363 158.560242
 4.67917156 160.879547
 4.69065428 162.151947
 4.70214844 160.254211
 4.71365070 158.615067
 4.72516155 154.860413 
 4.73668098 154.133408
 4.74820900 154.479187
 4.75974369 154.037262
 4.77128267 155.122742
 4.78282642 151.222031
 4.79437351 151.977936
 4.80592251 151.607391
 4.81747198 151.065063
 4.82902193 150.317017
 4.84057093 146.996658
 4.85211802 148.142166
 4.86366272 147.225372
 4.87520504 146.690674
 4.88674355 143.570557
 4.89827728 145.048721
 4.90980577 143.658020
 4.92132854 143.449875
 4.93284607 142.952194
 4.94435787 141.755661
 4.95586300 138.752014
 4.96736050 140.644104
 4.97885132 140.031067
 4.99033546 139.595612
 5.00181198 136.872650
 5.01328087 133.878036
 5.02474260 137.714691
 5.03619909 136.511078
 5.04765224 132.389038
 5.05910349 132.946991
 5.07055473 132.165268
 5.08200264 135.226089
 5.09344673 136.771851
 5.10488892 133.742035
 5.11632729 132.793640
 5.12775803 129.324295
 5.13917828 126.441895
 5.15058136 123.710320
 5.16197300 123.182556
 5.17335558 125.090919
 5.18473053 119.891190
 5.19610071 125.453270
 5.20746803 127.149078
 5.21883869 123.014786
 5.23021078 120.613884
 5.24158478 118.679626
 5.25296497 122.330391
 5.26435184 121.877678
 5.27574635 120.149414
 5.28714848 121.792259
 5.29856110 115.939758
 5.30998325 118.372284
 5.32141495 117.607712
 5.33285618 117.750519
 5.34430695 118.017166
 5.35576725 115.693207
 5.36723518 116.811119
 5.37871075 114.790451
 5.39019012 115.097382
 5.40167522 115.943115
 5.41316175 112.517532
 5.42464924 110.687164 
 5.43613720 109.899193
 5.44762611 110.404991
 5.45911312 111.144470
 5.47059870 110.429764
 5.48208237 109.139191
 5.49356461 109.291870
 5.50504398 110.454613
 5.51652241 108.080566
 5.52799845 108.041573
 5.53947258 106.565681
 5.55094814 107.741676
 5.56242085 103.662178
 5.57389355 104.239105
 5.58536959 105.750641
 5.59684515 103.333618
 5.60832405 101.755814
 5.61980629 105.224548
 5.63129520 105.003517
 5.64279127 101.051804
 5.65429640 100.641144
 5.66580963 100.273613
 5.67732811 102.604187
 5.68885183 100.820587
 5.70037889 99.5633469
 5.71190739 99.8808594
 5.72343636 98.3120575
 5.73496437 94.9628067
 5.74648905 94.9064865
 5.75800943 95.1298752
 5.76952362 95.0280685
 5.78103065 90.7391968
 5.79252768 94.6680145
 5.80401373 93.6237411
 5.81548738 94.5909119
 5.82694626 94.6718140
 5.83838749 92.5502243
 5.84980583 91.9699097
 5.86120319 92.3870926
 5.87258005 92.6529541
 5.88393021 92.9413452
 5.89525080 92.3949585
 5.90654039 89.2703552
 5.91779518 90.7640839
 5.92901230 88.2885361
 5.94019032 90.1251373
 5.95132351 92.3776855
 5.96241045 89.7562561
 5.97344780 89.2780380
 5.98443174 88.0023117
 5.99535942 85.9636078
 6.00623035 86.1494446
 6.01704025 84.9609299
 6.02778149 86.4207306
 6.03845882 84.2511597
 6.04907084 88.4375687
 6.05961227 85.8665466
 6.07008314 83.4411240
 6.08048248 82.9590607
 6.09080982 86.1530380
 6.10106468 83.8770752
 6.11124706 83.9542160 
 6.12135506 83.4848480
 6.13138390 83.5481415
 6.14133072 80.2652740
 6.15119267 79.0729065
 6.16096592 78.9009705
 6.17064905 79.1667709
 6.18023968 79.9920349
 6.18973732 83.1586914
 6.19914150 81.0132599
 6.20845270 79.2546997
 6.21767044 77.3146667
 6.22679710 75.1980209
 6.23583508 76.1527786
 6.24478579 76.0793152
 6.25364828 75.0949326
 6.26242924 75.6063614
 6.27113342 76.3790665
 6.27975988 77.4331131
 6.28831673 74.1037140
 6.29680634 75.5106049
 6.30523491 75.6755371
 6.31360245 75.1700745
 6.32191181 75.2293396
 6.33017540 74.6257782
 6.33839607 76.6724548
 6.34657860 74.3215637
 6.35472822 72.7536240
 6.36285114 74.0397339
 6.37095451 75.1945190
 6.37904358 77.5727234
 6.38712311 74.5249329
 6.39519787 71.7970276
 6.40327549 71.8338394
 6.41136169 72.4456253
 6.41945791 71.6180038
 6.42756939 72.4813538
 6.43570042 72.5162201
 6.44385815 71.9876480
 6.45204782 71.3103256
 6.46026993 69.0644379
 6.46852970 70.4759369
 6.47683334 70.2648392
 6.48518324 68.4487000
 6.49358463 68.1636734
 6.50204134 69.4323502
 6.51055574 68.7849197
 6.51913452 67.2832260
 6.52777863 69.0755005
 6.53649235 68.0074997
 6.54527807 67.3084717
 6.55413866 66.9966888
 6.56307697 66.6536407
 6.57209492 68.0990295
 6.58119440 67.0734711
 6.59037685 66.3576126
 6.59964371 64.5856018
 6.60899353 65.8541489
 6.61843014 66.7912292
 6.62795115 64.1041183
 6.63755846 64.9961853
 6.64725494 63.4001389 
 6.65703917 66.2213440
 6.66691303 64.7685547
 6.67687654 62.2366409
 6.68692589 62.7242279
 6.69706821 63.7848473
 6.70730400 60.7743988
 6.71762371 63.4342880
 6.72802734 62.9274292
 6.73851299 64.3122406
 6.74908066 62.1345062
 6.75972795 62.0484467
 6.77044964 63.4859352
 6.78124428 62.0816650
 6.79210806 60.4019127
 6.80303669 60.1954460
 6.81402683 62.2234917
 6.82507467 62.2196350
 6.83617592 59.6670418
 6.84732628 60.2778740
 6.85852242 58.0142899
 6.86976242 59.3153305
 6.88104343 60.7054138
 6.89236403 60.1861687
 6.90372181 56.8830833
 6.91511679 57.6058807
 6.92654705 58.2106895
 6.93800640 57.5286407
 6.94949102 56.0873795
 6.96099806 56.6937103
 6.97252560 57.3963814
 6.98407269 56.0695724
 6.99563360 55.4558678
 7.00721025 55.2488518
 7.01879978 53.3327255
 7.03039694 52.0451241
 7.04200220 51.0229225
 7.05361414 51.5976982
 7.06523228 52.9244118
 7.07685471 54.8529472
 7.08848095 54.4313507
 7.10010862 51.6851120
 7.11173820 53.3594971
 7.12337017 52.7669334
 7.13500309 50.5708237
 7.14663601 51.0222054
 7.15826893 51.8970375
 7.16990137 51.0503159
 7.18153286 50.8335342
 7.19316339 49.9222336
 7.20479298 51.3076515
 7.21642303 50.6018257
 7.22805119 49.8932343
 7.23967838 48.5067711
 7.25130558 48.6011963
 7.26293182 46.6295662
 7.27455616 48.6791077
 7.28618145 49.0604477
 7.29780722 48.0945053
 7.30943298 49.3010483
 7.32105923 47.4962578
 7.33268642 46.0793724 
 7.34431410 45.0215950
 7.35594273 48.0209656
 7.36757183 48.8529320
 7.37920284 46.0411148
 7.39083672 45.2652779
 7.40247250 46.8577003
 7.41411018 46.3251076
 7.42574978 44.2971535
 7.43739319 43.6624947
 7.44903851 44.5854111
 7.46068859 44.0077248
 7.47233963 45.9997406
 7.48399687 45.6862755
 7.49566078 43.5768547
 7.50732613 43.8472939
 7.51899719 45.9669342
 7.53067255 45.2915955
 7.54235363 43.8958969
 7.55403996 43.9481125
 7.56573105 43.5666161
 7.57742882 42.0361748
 7.58913422 40.1688957
 7.60084677 41.0279083
 7.61256504 42.3943787
 7.62429142 42.1701431
 7.63603020 40.6116524
 7.64777136 41.5341949
 7.65951586 41.1748810
 7.67127466 39.2909050
 7.68304253 38.4323463
 7.69481945 38.0172462
 7.70660639 38.7084923
 7.71840382 38.2761307
 7.73021173 37.3094864
 7.74202919 37.5762177
 7.75385809 39.5134621
 7.76569891 36.7132072
 7.77755117 37.3160515
 7.78941631 38.0102730
 7.80129337 37.3278275
 7.81318283 38.5425720
 7.82508564 39.1934204
 7.83700275 37.2459335
 7.84893513 37.6647797
 7.86087990 40.3988800
 7.87284088 38.0031776
 7.88481712 37.6671371
 7.89680910 36.2535095
 7.90881729 36.4884682
 7.92084169 36.6427383
 7.93288279 35.9284134
 7.94494057 36.6132202
 7.95701790 34.5960426
 7.96911335 35.1171303
 7.98122787 35.2589493
 7.99336147 33.8481522
 8.00551510 32.7655487
 8.01768875 33.0823898
 8.02988338 32.5441628
 8.04209900 34.2279434
 8.05433655 31.1782017 
 8.06659603 31.0900955
 8.07887840 32.9848213
 8.09118080 32.9936790
 8.10350609 33.4935150
 8.11585522 34.0284271
 8.12822056 32.8981476
 8.14060783 32.8487206
 8.15301895 32.6699181
 8.16545105 32.4058189
 8.17790031 31.3590050
 8.19036961 32.3249283
 8.20285797 30.6428719
 8.21536446 30.4618206
 8.22788715 30.3790092
 8.24042320 30.4877720
 8.25297832 30.5326653
 8.26554871 31.4258614
 8.27813339 31.6627197
 8.29073524 29.7919083
 8.30336094 28.8330269
 8.31599808 29.2856636
 8.32863617 30.0071888
 8.34129333 30.2415867
 8.35397243 29.2453537
 8.36666870 27.9318562
 8.37938309 29.2157249
 8.39211273 28.6771755
 8.40485954 27.0361214
 8.41762638 27.7953568
 8.43040848 28.9513760
 8.44320393 27.8773575
 8.45601559 27.4622440
 8.46884918 26.4483681
 8.48170471 25.4166775
 8.49458504 25.8220768
 8.50749302 25.3028507
 8.52042866 24.4546185
 8.53339195 26.6597748
 8.54638577 25.8106289
 8.55940533 24.6264935
 8.57245255 25.7346039
 8.58552551 25.2388458
 8.59862328 25.0997906
 8.61174583 23.8939075
 8.62489128 22.8232460
 8.63805962 24.8116837
 8.65125084 23.4055328
 8.66446686 24.0508747
 8.67771339 24.0502834
 8.69098949 23.5292473
 8.70428276 24.7138939
 8.71762562 24.3032112
 8.73101807 23.5887909
 8.74443054 23.8190250
 8.75787830 22.9602966
 8.77135754 22.9351902
 8.78486538 22.3502388
 8.79839897 22.2543526
 8.81195831 21.6625214
 8.82554054 22.0223083
 8.83914566 22.2608948 
 8.85277081 23.5180779
 8.86641693 21.6718807
 8.88008308 21.1645393
 8.89377213 22.6300144
 8.90748787 21.2534275
 8.92123032 23.0064716
 8.93500519 21.4917679
 8.94881153 21.3828220
 8.96265221 19.8662071
 8.97652817 20.5889111
 8.99044037 18.9008617
 9.00440407 19.2765312
 9.01840305 19.3627205
 9.03240967 20.8479576
 9.04646492 19.2766914
 9.06055927 17.9232655
 9.07468128 18.3938141
 9.08885193 18.0100174
 9.10305977 18.7076073
 9.11730957 18.6606331
 9.13160229 18.9716206
 9.14593410 18.1719284
 9.16030216 18.8906918
 9.17470741 18.8208408
 9.18920898 17.2363434
 9.20368958 16.5795670
 9.21814823 17.3073559
 9.23270416 18.3852787
 9.24729633 17.2103672
 9.26192570 16.4762573
 9.27659607 17.2397041
 9.29130745 16.8756561
 9.30605888 16.0364723
 9.32085133 16.4474812
 9.33568573 16.5534935
 9.35055923 16.3229198
 9.36547089 15.9844475
 9.38042068 14.5921230
 9.39540768 15.3741140
 9.41043186 16.0141220
 9.42549133 15.4961596
 9.44058800 16.0619354
 9.45572567 16.1048927
 9.47090340 16.5144444
 9.48612213 15.8363609
 9.50138474 16.2624931
 9.51669216 13.9518204
 9.53204155 14.0761318
 9.54743767 13.4227943
 9.56288338 14.6443081
 9.57837868 14.0740681
 9.59392548 13.7378178
 9.60952568 13.3663969
 9.62518215 13.5645380
 9.64089394 13.2095184
 9.65666294 13.7253952
 9.67248535 14.3276453
 9.68835831 13.5469818
 9.70428848 13.2793026
 9.72027206 13.1312647
 9.73630142 12.2797937 
 9.75237560 11.9832811
 9.76849747 12.4902325
 9.78466415 12.2718401
 9.80087662 12.8171062
 9.81713867 12.5825157
 9.83345222 11.7889738
 9.84982491 11.6750107
 9.86625576 11.2562943
 9.88274860 12.1299276
 9.89930344 11.8240309
 9.91591549 11.3086948
 9.93257713 10.5360584
 9.94928932 10.6994686
 9.96605110 11.1388111
 9.98286152 11.0085373
 9.99972630 10.8756018
 10.0166531 10.8374748
 10.0336571 9.66390991
 10.0507374 10.1254959
 10.0678873 9.95579720
 10.0851126 9.60659885
 10.1024189 10.2865238
 10.1198111 10.0840969
 10.1372967 10.2065182
 10.1548748 10.5009737
 10.1725464 9.29859638
 10.1903133 8.98626137
 10.2081738 8.92523956
 10.2261267 9.30187321
 10.2441769 9.03217888
 10.2623234 8.40355968
 10.2805634 8.62004852
 10.2988968 8.63142204
 10.3173275 7.73069191
 10.3358555 7.83675671
 10.3544807 7.78230190
 10.3732004 8.07660484
 10.3920145 8.44119740
 10.4109287 7.99583578
 10.4299412 7.71709204
 10.4490471 7.73428392
 10.4682503 6.95877266
 10.4875536 7.79601574
 10.5069542 8.08061886
 10.5264511 6.58109379
 10.5460453 6.22691011
 10.5657406 6.91089153
 10.5855331 7.18087864
 10.6054230 6.75734949
 10.6254139 6.77680016
 10.6455021 6.74769115
 10.6656914 5.92376900
 10.6859779 6.33016682
 10.7063637 6.31109381
 10.7268505 5.34662437
 10.7474365 5.45799208
 10.7681217 6.17443419
 10.7889099 6.12838221
 10.8097973 5.41359997
 10.8307838 5.66047764
 10.8518715 4.89409828 
 10.8730621 5.26937151
 10.8943529 4.77097178
 10.9157438 6.09319401
 10.9372377 5.21831179
 10.9588318 4.88508129
 10.9805279 4.46019697
 11.0023270 4.23652697
 11.0242310 4.43793440
 11.0462322 4.69308996
 11.0683336 4.08084297
 11.0905418 4.20942307
 11.1128540 4.02585316
 11.1352682 4.29218864
 11.1577845 3.90411282
 11.1804028 4.51519299
 11.2031298 3.96968269
 11.2259598 3.45800471
 11.2488918 3.66390991
 11.2719288 3.90098667
 11.2950745 3.55713558
 11.3183193 3.84523535
 11.3416672 3.70138383
 11.3651237 3.77846980
 11.3886852 2.77659416
 11.4123526 3.12687731
 11.4361267 3.18784595
 11.4600077 2.79740071
 11.4839954 2.38422346
 11.5080891 2.36946344
 11.5322914 2.57021308
 11.5566025 2.02909303
 11.5810223 2.61853456
 11.6055489 2.27212524
 11.6301851 2.13780737
 11.6549320 2.10921240
 11.6797886 1.93016720
 11.7047548 1.91366839
 11.7298326 1.83408487
 11.7550220 1.82877398
 11.7803230 1.43314862
 11.8057384 1.33975089
 11.8312664 1.25039971
 11.8569069 1.08438265
 11.8826637 0.750177741
 11.9085388 0.589006305
 11.9345303 0.756851792
 11.9606361 0.553513169
 11.9868584 0.585505545 